1 0.282500 0.371250 0.020000 0.017500
1 0.483750 0.318750 0.017500 0.017500
1 0.585000 0.315000 0.020000 0.015000
1 0.200000 0.558750 0.020000 0.017500
1 0.350000 0.660000 0.015000 0.020000
1 0.307500 0.853750 0.020000 0.017500
1 0.382500 0.836250 0.020000 0.017500
1 0.398750 0.952500 0.017500 0.015000
1 0.486250 0.911250 0.022500 0.017500
1 0.546250 0.613750 0.017500 0.017500
1 0.878750 0.643750 0.017500 0.017500
1 0.970000 0.451250 0.025000 0.017500
1 0.800000 0.006250 0.020000 0.007500
1 0.395000 0.110000 0.015000 0.010000
