1 0.111250 0.133750 0.052500 0.042500
1 0.201250 0.146250 0.047500 0.037500
1 0.382500 0.087500 0.020000 0.020000
1 0.331250 0.203750 0.027500 0.022500
1 0.297500 0.222500 0.030000 0.025000
1 0.318750 0.347500 0.022500 0.015000
1 0.227500 0.448750 0.035000 0.022500
1 0.437500 0.373750 0.025000 0.017500
1 0.510000 0.415000 0.020000 0.020000
1 0.130000 0.522500 0.015000 0.015000
1 0.160000 0.527500 0.015000 0.015000
1 0.167500 0.531250 0.015000 0.017500
1 0.393750 0.668750 0.022500 0.017500
1 0.068750 0.821250 0.012500 0.012500
1 0.256250 0.968750 0.032500 0.032500
