1 0.020000 0.911250 0.015000 0.012500
1 0.116250 0.820000 0.022500 0.020000
1 0.237500 0.785000 0.020000 0.015000
1 0.268750 0.918750 0.017500 0.012500
1 0.260000 0.912500 0.015000 0.015000
1 0.590000 0.895000 0.015000 0.015000
1 0.575000 0.892500 0.015000 0.015000
1 0.560000 0.872500 0.015000 0.015000
1 0.556250 0.703750 0.022500 0.017500
1 0.565000 0.687500 0.030000 0.020000
1 0.568750 0.656250 0.037500 0.027500
1 0.801250 0.650000 0.017500 0.015000
1 0.872500 0.651250 0.015000 0.012500
1 0.862500 0.628750 0.015000 0.012500
1 0.730000 0.551250 0.015000 0.012500
1 0.525000 0.493750 0.015000 0.017500
1 0.825000 0.425000 0.015000 0.015000
1 0.828750 0.338750 0.017500 0.017500
1 0.465000 0.253750 0.025000 0.017500
1 0.800000 0.193750 0.025000 0.017500
1 0.843750 0.175000 0.017500 0.020000
1 0.908750 0.068750 0.017500 0.012500
1 0.857500 0.047500 0.015000 0.010000
