1 0.306250 0.456250 0.017500 0.017500
1 0.427500 0.480000 0.015000 0.015000
1 0.486250 0.573750 0.012500 0.012500
1 0.742500 0.541250 0.015000 0.012500
1 0.613750 0.532500 0.017500 0.015000
1 0.143750 0.900000 0.012500 0.015000
1 0.166250 0.750000 0.012500 0.015000
1 0.673750 0.765000 0.012500 0.015000
1 0.633750 0.781250 0.012500 0.012500
1 0.760000 0.866250 0.015000 0.012500
1 0.730000 0.840000 0.015000 0.015000
1 0.723750 0.817500 0.012500 0.015000
1 0.628750 0.848750 0.012500 0.012500
1 0.603750 0.975000 0.012500 0.015000
