1 0.778750 0.025000 0.012500 0.015000
1 0.791250 0.011250 0.017500 0.012500
1 0.817500 0.058750 0.020000 0.012500
1 0.850000 0.035000 0.015000 0.015000
1 0.863750 0.018750 0.017500 0.012500
1 0.872500 0.008750 0.020000 0.012500
1 0.903750 0.110000 0.012500 0.015000
1 0.948750 0.103750 0.012500 0.017500
1 0.975000 0.195000 0.015000 0.015000
1 0.991250 0.218750 0.012500 0.017500
1 0.903750 0.281250 0.012500 0.017500
1 0.985000 0.321250 0.010000 0.017500
1 0.996250 0.326250 0.007500 0.017500
1 0.928750 0.347500 0.012500 0.015000
1 0.923750 0.390000 0.017500 0.015000
1 0.922500 0.407500 0.015000 0.015000
