1 0.497500 0.067500 0.035000 0.035000
1 0.661250 0.353750 0.017500 0.017500
1 0.596250 0.395000 0.032500 0.030000
1 0.502500 0.325000 0.035000 0.035000
1 0.486250 0.332500 0.037500 0.030000
1 0.416250 0.386250 0.012500 0.012500
1 0.401250 0.367500 0.032500 0.030000
1 0.350000 0.325000 0.040000 0.035000
1 0.330000 0.276250 0.020000 0.022500
1 0.321250 0.415000 0.027500 0.025000
1 0.297500 0.436250 0.030000 0.027500
1 0.323750 0.492500 0.032500 0.030000
1 0.325000 0.462500 0.025000 0.025000
1 0.348750 0.457500 0.027500 0.025000
1 0.385000 0.473750 0.035000 0.027500
1 0.358750 0.481250 0.027500 0.022500
1 0.407500 0.521250 0.040000 0.032500
1 0.401250 0.550000 0.032500 0.030000
1 0.383750 0.606250 0.032500 0.032500
1 0.341250 0.645000 0.022500 0.025000
1 0.316250 0.616250 0.032500 0.032500
1 0.616250 0.591250 0.022500 0.022500
1 0.593750 0.570000 0.027500 0.030000
1 0.470000 0.768750 0.030000 0.032500
1 0.415000 0.822500 0.035000 0.035000
1 0.381250 0.822500 0.032500 0.030000
1 0.350000 0.745000 0.040000 0.035000
1 0.303750 0.821250 0.022500 0.022500
