1 0.387500 0.267500 0.015000 0.015000
1 0.432500 0.247500 0.015000 0.015000
1 0.460000 0.218750 0.020000 0.012500
1 0.468750 0.183750 0.017500 0.012500
1 0.547500 0.411250 0.015000 0.012500
1 0.712500 0.458750 0.015000 0.017500
1 0.693750 0.370000 0.012500 0.015000
1 0.702500 0.431250 0.015000 0.012500
1 0.721250 0.355000 0.012500 0.015000
1 0.745000 0.355000 0.015000 0.015000
1 0.745000 0.322500 0.015000 0.015000
1 0.721250 0.331250 0.017500 0.012500
1 0.842500 0.323750 0.015000 0.012500
1 0.821250 0.307500 0.017500 0.010000
1 0.827500 0.298750 0.015000 0.012500
1 0.837500 0.293750 0.015000 0.012500
1 0.832500 0.257500 0.015000 0.015000
1 0.886250 0.233750 0.017500 0.012500
1 0.707500 0.953750 0.015000 0.012500
1 0.732500 0.987500 0.015000 0.010000
1 0.740000 0.950000 0.020000 0.015000
1 0.767500 0.968750 0.015000 0.012500
1 0.772500 0.982500 0.015000 0.010000
1 0.800000 0.976250 0.020000 0.012500
1 0.788750 0.962500 0.017500 0.010000
