1 0.247500 0.633750 0.020000 0.017500
1 0.386250 0.920000 0.012500 0.015000
1 0.497500 0.725000 0.020000 0.020000
1 0.563750 0.728750 0.012500 0.017500
1 0.605000 0.827500 0.020000 0.020000
1 0.683750 0.912500 0.022500 0.020000
1 0.700000 0.887500 0.020000 0.020000
1 0.646250 0.603750 0.017500 0.017500
1 0.935000 0.981250 0.020000 0.017500
1 0.932500 0.820000 0.020000 0.015000
1 0.931250 0.806250 0.012500 0.012500
1 0.805000 0.750000 0.015000 0.015000
1 0.628750 0.566250 0.022500 0.022500
1 0.607500 0.528750 0.020000 0.017500
1 0.922500 0.555000 0.020000 0.020000
1 0.395000 0.397500 0.020000 0.015000
1 0.612500 0.322500 0.020000 0.015000
1 0.513750 0.255000 0.022500 0.015000
1 0.803750 0.295000 0.012500 0.015000
1 0.288750 0.201250 0.012500 0.012500
1 0.347500 0.203750 0.010000 0.017500
1 0.361250 0.203750 0.017500 0.022500
1 0.846250 0.133750 0.027500 0.017500
