0 0.483750 0.163750 0.027500 0.027500
0 0.650000 0.250000 0.020000 0.020000
0 0.626250 0.212500 0.027500 0.025000
0 0.622500 0.183750 0.030000 0.027500
0 0.725000 0.036250 0.020000 0.017500
0 0.736250 0.022500 0.017500 0.015000
0 0.750000 0.041250 0.015000 0.017500
0 0.785000 0.047500 0.020000 0.015000
0 0.773750 0.066250 0.012500 0.022500
0 0.745000 0.171250 0.020000 0.022500
0 0.763750 0.202500 0.017500 0.020000
0 0.803750 0.223750 0.017500 0.012500
0 0.802500 0.243750 0.015000 0.022500
0 0.778750 0.292500 0.017500 0.015000
0 0.765000 0.266250 0.020000 0.012500
0 0.742500 0.227500 0.015000 0.015000
0 0.690000 0.217500 0.020000 0.015000
0 0.668750 0.227500 0.017500 0.015000
0 0.773750 0.013750 0.017500 0.017500
