1 0.176250 0.647500 0.012500 0.010000
1 0.147500 0.660000 0.010000 0.010000
1 0.455000 0.537500 0.010000 0.020000
1 0.532500 0.541250 0.010000 0.012500
1 0.626250 0.452500 0.012500 0.015000
1 0.681250 0.451250 0.012500 0.012500
1 0.756250 0.527500 0.012500 0.015000
1 0.957500 0.690000 0.015000 0.015000
1 0.911250 0.391250 0.012500 0.012500
1 0.767500 0.351250 0.010000 0.012500
1 0.845000 0.326250 0.010000 0.017500
1 0.866250 0.290000 0.012500 0.010000
1 0.958750 0.253750 0.012500 0.012500
1 0.950000 0.233750 0.010000 0.012500
1 0.872500 0.228750 0.010000 0.017500
1 0.861250 0.218750 0.012500 0.012500
1 0.965000 0.188750 0.010000 0.017500
1 0.997500 0.225000 0.005000 0.015000
