1 0.051250 0.468750 0.012500 0.012500
1 0.018750 0.755000 0.012500 0.010000
1 0.250000 0.616250 0.010000 0.012500
1 0.273750 0.668750 0.012500 0.012500
1 0.300000 0.595000 0.010000 0.010000
1 0.303750 0.660000 0.012500 0.015000
1 0.347500 0.586250 0.010000 0.012500
1 0.361250 0.598750 0.012500 0.012500
1 0.337500 0.697500 0.010000 0.010000
1 0.351250 0.685000 0.007500 0.015000
1 0.381250 0.663750 0.007500 0.012500
1 0.451250 0.685000 0.012500 0.020000
1 0.425000 0.648750 0.010000 0.007500
1 0.452500 0.613750 0.010000 0.012500
1 0.435000 0.576250 0.010000 0.012500
1 0.458750 0.506250 0.007500 0.012500
1 0.485000 0.465000 0.010000 0.015000
1 0.481250 0.432500 0.007500 0.010000
1 0.467500 0.428750 0.010000 0.012500
1 0.425000 0.430000 0.010000 0.010000
1 0.591250 0.856250 0.007500 0.012500
1 0.620000 0.742500 0.010000 0.015000
1 0.603750 0.732500 0.012500 0.015000
1 0.583750 0.730000 0.012500 0.015000
1 0.568750 0.708750 0.007500 0.012500
1 0.557500 0.702500 0.010000 0.010000
1 0.555000 0.695000 0.015000 0.010000
1 0.555000 0.671250 0.010000 0.007500
1 0.572500 0.653750 0.010000 0.007500
1 0.653750 0.681250 0.007500 0.007500
1 0.632500 0.600000 0.010000 0.010000
1 0.741250 0.813750 0.007500 0.012500
1 0.752500 0.731250 0.010000 0.012500
1 0.716250 0.677500 0.007500 0.010000
1 0.696250 0.548750 0.007500 0.012500
1 0.652500 0.546250 0.010000 0.012500
1 0.646250 0.538750 0.012500 0.012500
1 0.692500 0.531250 0.010000 0.017500
1 0.708750 0.440000 0.012500 0.015000
1 0.725000 0.428750 0.015000 0.012500
1 0.555000 0.461250 0.010000 0.012500
1 0.026250 0.697500 0.007500 0.010000
