1 0.412500 0.011250 0.015000 0.017500
1 0.323750 0.075000 0.012500 0.015000
1 0.326250 0.103750 0.012500 0.012500
1 0.278750 0.118750 0.012500 0.012500
1 0.267500 0.050000 0.010000 0.010000
1 0.265000 0.115000 0.010000 0.015000
1 0.247500 0.056250 0.010000 0.012500
1 0.230000 0.046250 0.010000 0.012500
1 0.215000 0.072500 0.010000 0.015000
1 0.237500 0.117500 0.010000 0.015000
1 0.203750 0.157500 0.012500 0.015000
1 0.191250 0.171250 0.012500 0.012500
1 0.136250 0.131250 0.012500 0.017500
1 0.263750 0.341250 0.012500 0.017500
1 0.018750 0.192500 0.012500 0.020000
1 0.003750 0.225000 0.002500 0.010000
1 0.940000 0.593750 0.010000 0.012500
1 0.505000 0.808750 0.010000 0.012500
1 0.201250 0.875000 0.012500 0.020000
1 0.187500 0.888750 0.015000 0.017500
1 0.171250 0.868750 0.017500 0.012500
1 0.120000 0.897500 0.015000 0.010000
1 0.071250 0.888750 0.012500 0.017500
1 0.035000 0.993750 0.010000 0.012500
1 0.028750 0.962500 0.012500 0.010000
1 0.018750 0.957500 0.007500 0.015000
1 0.028750 0.955000 0.012500 0.010000
1 0.017500 0.910000 0.015000 0.015000
1 0.038750 0.628750 0.017500 0.017500
1 0.073750 0.575000 0.012500 0.015000
1 0.121250 0.573750 0.012500 0.012500
