1 0.131250 0.076250 0.012500 0.012500
1 0.041250 0.215000 0.012500 0.015000
1 0.082500 0.201250 0.010000 0.012500
1 0.117500 0.206250 0.010000 0.012500
1 0.145000 0.220000 0.010000 0.010000
1 0.146250 0.212500 0.007500 0.010000
1 0.085000 0.280000 0.010000 0.015000
1 0.108750 0.270000 0.012500 0.010000
1 0.128750 0.257500 0.012500 0.010000
1 0.142500 0.333750 0.010000 0.012500
1 0.135000 0.303750 0.010000 0.012500
1 0.151250 0.306250 0.007500 0.012500
1 0.173750 0.282500 0.012500 0.010000
1 0.190000 0.253750 0.010000 0.012500
1 0.196250 0.270000 0.012500 0.010000
1 0.233750 0.288750 0.007500 0.012500
1 0.247500 0.290000 0.010000 0.010000
1 0.263750 0.302500 0.012500 0.015000
