1 0.272500 0.568750 0.010000 0.022500
1 0.333750 0.603750 0.012500 0.017500
1 0.030000 0.956250 0.010000 0.012500
1 0.046250 0.970000 0.012500 0.020000
1 0.377500 0.976250 0.010000 0.012500
1 0.565000 0.728750 0.010000 0.012500
1 0.561250 0.717500 0.012500 0.010000
1 0.673750 0.603750 0.012500 0.012500
1 0.746250 0.588750 0.012500 0.012500
1 0.828750 0.622500 0.012500 0.015000
1 0.840000 0.598750 0.010000 0.012500
1 0.878750 0.600000 0.012500 0.020000
1 0.876250 0.576250 0.012500 0.012500
1 0.997500 0.415000 0.005000 0.015000
