0 0.096250 0.592500 0.017500 0.030000
0 0.381250 0.305000 0.022500 0.020000
0 0.676250 0.363750 0.017500 0.022500
0 0.751250 0.295000 0.017500 0.020000
0 0.875000 0.277500 0.015000 0.015000
0 0.978750 0.130000 0.017500 0.025000
0 0.965000 0.150000 0.015000 0.015000
0 0.980000 0.165000 0.015000 0.015000
0 0.975000 0.235000 0.020000 0.020000
0 0.951250 0.248750 0.012500 0.012500
0 0.956250 0.261250 0.012500 0.012500
0 0.970000 0.271250 0.010000 0.017500
0 0.940000 0.295000 0.015000 0.015000
0 0.958750 0.300000 0.012500 0.015000
0 0.966250 0.318750 0.022500 0.017500
0 0.930000 0.325000 0.015000 0.020000
0 0.951250 0.332500 0.012500 0.015000
0 0.961250 0.342500 0.012500 0.015000
0 0.926250 0.366250 0.012500 0.017500
0 0.962500 0.365000 0.015000 0.010000
0 0.952500 0.378750 0.010000 0.012500
0 0.962500 0.381250 0.015000 0.017500
0 0.951250 0.400000 0.012500 0.015000
0 0.671250 0.422500 0.017500 0.020000
0 0.817500 0.402500 0.010000 0.015000
0 0.831250 0.422500 0.012500 0.015000
0 0.820000 0.443750 0.015000 0.017500
0 0.867500 0.438750 0.015000 0.017500
0 0.898750 0.418750 0.017500 0.017500
0 0.918750 0.427500 0.012500 0.015000
0 0.577500 0.506250 0.025000 0.022500
0 0.753750 0.481250 0.017500 0.012500
0 0.813750 0.485000 0.017500 0.015000
0 0.932500 0.443750 0.015000 0.017500
0 0.950000 0.448750 0.015000 0.017500
0 0.951250 0.466250 0.012500 0.017500
0 0.918750 0.457500 0.012500 0.015000
0 0.936250 0.468750 0.012500 0.012500
0 0.925000 0.475000 0.015000 0.015000
0 0.925000 0.498750 0.015000 0.017500
0 0.926250 0.515000 0.017500 0.015000
0 0.951250 0.528750 0.017500 0.012500
0 0.918750 0.527500 0.017500 0.015000
0 0.922500 0.546250 0.015000 0.017500
0 0.958750 0.560000 0.012500 0.020000
0 0.943750 0.578750 0.012500 0.012500
0 0.676250 0.548750 0.022500 0.022500
0 0.722500 0.590000 0.015000 0.025000
0 0.755000 0.603750 0.015000 0.027500
0 0.743750 0.568750 0.012500 0.017500
0 0.805000 0.592500 0.015000 0.015000
0 0.837500 0.597500 0.015000 0.015000
0 0.576250 0.556250 0.022500 0.017500
0 0.598750 0.588750 0.027500 0.017500
0 0.566250 0.580000 0.017500 0.020000
0 0.485000 0.637500 0.020000 0.025000
0 0.687500 0.698750 0.020000 0.012500
0 0.676250 0.698750 0.012500 0.012500
0 0.710000 0.623750 0.010000 0.017500
0 0.730000 0.643750 0.015000 0.017500
0 0.732500 0.656250 0.015000 0.012500
0 0.755000 0.643750 0.020000 0.017500
0 0.755000 0.672500 0.020000 0.020000
0 0.795000 0.635000 0.015000 0.015000
0 0.825000 0.687500 0.015000 0.020000
0 0.835000 0.692500 0.015000 0.015000
0 0.815000 0.737500 0.015000 0.015000
0 0.847500 0.727500 0.015000 0.015000
0 0.883750 0.721250 0.017500 0.022500
0 0.261250 0.838750 0.017500 0.027500
0 0.451250 0.986250 0.012500 0.017500
0 0.453750 0.971250 0.017500 0.017500
0 0.493750 0.862500 0.022500 0.020000
0 0.588750 0.892500 0.017500 0.020000
0 0.600000 0.882500 0.020000 0.020000
0 0.632500 0.881250 0.015000 0.022500
0 0.778750 0.991250 0.012500 0.017500
0 0.797500 0.992500 0.015000 0.015000
0 0.832500 0.982500 0.015000 0.015000
0 0.775000 0.921250 0.015000 0.017500
0 0.712500 0.851250 0.015000 0.022500
0 0.741250 0.813750 0.017500 0.022500
0 0.750000 0.787500 0.015000 0.015000
0 0.742500 0.835000 0.015000 0.015000
0 0.736250 0.845000 0.012500 0.015000
0 0.882500 0.958750 0.010000 0.017500
0 0.892500 0.956250 0.010000 0.017500
0 0.848750 0.903750 0.012500 0.017500
0 0.937500 0.595000 0.015000 0.015000
0 0.955000 0.613750 0.015000 0.012500
0 0.930000 0.615000 0.015000 0.015000
0 0.931250 0.631250 0.017500 0.012500
0 0.900000 0.646250 0.010000 0.012500
0 0.917500 0.652500 0.010000 0.015000
0 0.910000 0.673750 0.015000 0.017500
0 0.951250 0.668750 0.012500 0.012500
0 0.955000 0.648750 0.010000 0.017500
0 0.933750 0.652500 0.012500 0.015000
0 0.922500 0.682500 0.010000 0.015000
0 0.932500 0.680000 0.015000 0.015000
0 0.951250 0.693750 0.012500 0.012500
0 0.950000 0.703750 0.015000 0.012500
0 0.950000 0.751250 0.015000 0.017500
0 0.933750 0.763750 0.012500 0.017500
0 0.913750 0.762500 0.012500 0.015000
0 0.917500 0.771250 0.010000 0.017500
0 0.910000 0.778750 0.015000 0.017500
0 0.911250 0.801250 0.017500 0.022500
0 0.946250 0.818750 0.012500 0.022500
0 0.875000 0.801250 0.015000 0.017500
0 0.840000 0.811250 0.020000 0.017500
0 0.821250 0.816250 0.012500 0.022500
0 0.868750 0.823750 0.012500 0.022500
0 0.843750 0.830000 0.012500 0.015000
0 0.910000 0.835000 0.015000 0.015000
0 0.927500 0.836250 0.010000 0.022500
0 0.925000 0.861250 0.025000 0.012500
0 0.913750 0.870000 0.012500 0.015000
0 0.902500 0.898750 0.010000 0.012500
0 0.910000 0.905000 0.010000 0.020000
0 0.936250 0.936250 0.012500 0.017500
0 0.935000 0.968750 0.010000 0.012500
0 0.937500 0.980000 0.010000 0.015000
0 0.932500 0.996250 0.015000 0.007500
