0 0.273750 0.823750 0.017500 0.027500
0 0.388750 0.891250 0.017500 0.022500
0 0.457500 0.907500 0.025000 0.020000
0 0.435000 0.646250 0.015000 0.012500
0 0.230000 0.881250 0.015000 0.017500
0 0.238750 0.897500 0.012500 0.015000
0 0.166250 0.921250 0.022500 0.017500
0 0.153750 0.907500 0.017500 0.015000
0 0.138750 0.903750 0.017500 0.017500
0 0.113750 0.896250 0.017500 0.012500
0 0.148750 0.961250 0.017500 0.022500
0 0.131250 0.957500 0.017500 0.015000
0 0.132500 0.921250 0.015000 0.012500
0 0.126250 0.932500 0.017500 0.015000
0 0.117500 0.920000 0.020000 0.015000
0 0.093750 0.918750 0.012500 0.017500
0 0.088750 0.948750 0.017500 0.022500
0 0.028750 0.863750 0.012500 0.017500
0 0.182500 0.871250 0.010000 0.022500
0 0.047500 0.916250 0.015000 0.017500
0 0.027500 0.917500 0.015000 0.020000
0 0.051250 0.967500 0.012500 0.015000
0 0.088750 0.988750 0.012500 0.017500
0 0.100000 0.993750 0.015000 0.012500
0 0.060000 0.987500 0.010000 0.015000
0 0.026250 0.988750 0.012500 0.017500
0 0.011250 0.973750 0.012500 0.017500
0 0.033750 0.966250 0.012500 0.017500
