0 0.053750 0.173750 0.027500 0.022500
0 0.155000 0.055000 0.015000 0.015000
0 0.183750 0.068750 0.017500 0.017500
0 0.260000 0.285000 0.020000 0.030000
0 0.356250 0.212500 0.017500 0.030000
0 0.366250 0.278750 0.017500 0.027500
0 0.516250 0.018750 0.017500 0.027500
0 0.503750 0.206250 0.017500 0.022500
0 0.430000 0.305000 0.025000 0.020000
0 0.380000 0.341250 0.015000 0.022500
0 0.468750 0.327500 0.027500 0.020000
0 0.451250 0.370000 0.017500 0.020000
0 0.436250 0.371250 0.017500 0.027500
0 0.201250 0.400000 0.017500 0.025000
0 0.488750 0.428750 0.017500 0.027500
0 0.518750 0.428750 0.017500 0.027500
0 0.513750 0.402500 0.017500 0.020000
0 0.575000 0.241250 0.015000 0.022500
0 0.591250 0.263750 0.017500 0.017500
0 0.617500 0.262500 0.010000 0.015000
0 0.625000 0.278750 0.015000 0.017500
0 0.690000 0.280000 0.015000 0.015000
0 0.585000 0.193750 0.010000 0.012500
0 0.595000 0.193750 0.015000 0.012500
0 0.613750 0.111250 0.017500 0.022500
0 0.637500 0.156250 0.010000 0.017500
0 0.690000 0.135000 0.015000 0.015000
0 0.713750 0.110000 0.012500 0.025000
0 0.746250 0.175000 0.017500 0.015000
0 0.728750 0.200000 0.012500 0.015000
0 0.746250 0.195000 0.012500 0.015000
0 0.763750 0.198750 0.017500 0.017500
0 0.758750 0.272500 0.012500 0.020000
0 0.738750 0.275000 0.012500 0.015000
0 0.758750 0.326250 0.012500 0.022500
0 0.766250 0.018750 0.017500 0.017500
0 0.828750 0.021250 0.012500 0.022500
0 0.841250 0.013750 0.012500 0.017500
0 0.928750 0.012500 0.012500 0.010000
0 0.931250 0.036250 0.012500 0.017500
0 0.830000 0.072500 0.010000 0.015000
0 0.806250 0.095000 0.012500 0.015000
0 0.802500 0.102500 0.010000 0.015000
0 0.770000 0.123750 0.010000 0.012500
0 0.757500 0.141250 0.015000 0.017500
0 0.793750 0.152500 0.012500 0.015000
0 0.851250 0.128750 0.012500 0.012500
0 0.882500 0.117500 0.015000 0.020000
0 0.893750 0.091250 0.012500 0.017500
0 0.921250 0.083750 0.012500 0.017500
0 0.915000 0.103750 0.020000 0.017500
0 0.916250 0.121250 0.012500 0.012500
0 0.900000 0.117500 0.010000 0.015000
0 0.901250 0.157500 0.012500 0.015000
0 0.911250 0.167500 0.012500 0.015000
0 0.897500 0.173750 0.015000 0.012500
0 0.905000 0.213750 0.010000 0.022500
0 0.876250 0.257500 0.017500 0.015000
0 0.898750 0.268750 0.017500 0.017500
0 0.831250 0.317500 0.017500 0.010000
0 0.855000 0.312500 0.015000 0.015000
0 0.856250 0.328750 0.012500 0.012500
0 0.852500 0.347500 0.015000 0.010000
0 0.851250 0.356250 0.017500 0.012500
0 0.865000 0.366250 0.010000 0.017500
0 0.843750 0.366250 0.012500 0.012500
0 0.791250 0.403750 0.012500 0.017500
0 0.841250 0.393750 0.012500 0.017500
0 0.872500 0.423750 0.015000 0.012500
0 0.876250 0.435000 0.012500 0.015000
0 0.860000 0.447500 0.010000 0.020000
0 0.748750 0.475000 0.012500 0.015000
0 0.838750 0.450000 0.012500 0.015000
0 0.850000 0.446250 0.015000 0.017500
0 0.846250 0.433750 0.012500 0.012500
0 0.865000 0.483750 0.010000 0.022500
0 0.852500 0.505000 0.015000 0.020000
0 0.847500 0.517500 0.010000 0.015000
0 0.846250 0.533750 0.012500 0.017500
0 0.823750 0.547500 0.012500 0.015000
0 0.836250 0.560000 0.017500 0.010000
0 0.857500 0.552500 0.010000 0.015000
0 0.840000 0.548750 0.015000 0.012500
0 0.851250 0.596250 0.012500 0.012500
0 0.811250 0.611250 0.017500 0.022500
0 0.825000 0.617500 0.010000 0.015000
0 0.845000 0.622500 0.010000 0.025000
0 0.758750 0.648750 0.017500 0.012500
0 0.805000 0.635000 0.020000 0.020000
0 0.842500 0.655000 0.015000 0.015000
0 0.787500 0.833750 0.020000 0.017500
0 0.880000 0.387500 0.010000 0.015000
