0 0.290000 0.695000 0.015000 0.015000
0 0.308750 0.732500 0.017500 0.020000
0 0.231250 0.801250 0.017500 0.022500
0 0.195000 0.847500 0.015000 0.015000
0 0.275000 0.856250 0.015000 0.027500
0 0.293750 0.806250 0.017500 0.027500
0 0.341250 0.792500 0.017500 0.025000
0 0.333750 0.825000 0.017500 0.020000
0 0.338750 0.841250 0.017500 0.017500
0 0.441250 0.813750 0.017500 0.017500
0 0.465000 0.842500 0.015000 0.025000
0 0.468750 0.731250 0.012500 0.022500
0 0.458750 0.686250 0.017500 0.017500
0 0.553750 0.713750 0.012500 0.022500
0 0.565000 0.703750 0.020000 0.022500
0 0.341250 0.747500 0.012500 0.015000
