0 0.235000 0.315000 0.015000 0.015000
0 0.086250 0.428750 0.012500 0.012500
0 0.191250 0.417500 0.012500 0.015000
0 0.292500 0.368750 0.015000 0.012500
0 0.297500 0.421250 0.010000 0.012500
0 0.195000 0.433750 0.015000 0.007500
0 0.167500 0.496250 0.010000 0.012500
0 0.203750 0.515000 0.012500 0.010000
0 0.117500 0.491250 0.025000 0.012500
0 0.081250 0.491250 0.012500 0.012500
0 0.071250 0.518750 0.027500 0.017500
0 0.028750 0.502500 0.027500 0.015000
0 0.130000 0.553750 0.030000 0.017500
0 0.338750 0.446250 0.012500 0.012500
0 0.018750 0.542500 0.027500 0.015000
0 0.032500 0.582500 0.025000 0.010000
0 0.020000 0.592500 0.030000 0.015000
0 0.015000 0.622500 0.025000 0.015000
0 0.066250 0.623750 0.027500 0.012500
0 0.012500 0.641250 0.015000 0.012500
0 0.025000 0.642500 0.010000 0.015000
0 0.038750 0.633750 0.012500 0.012500
0 0.098750 0.663750 0.022500 0.012500
0 0.077500 0.667500 0.010000 0.010000
0 0.023750 0.730000 0.022500 0.015000
0 0.093750 0.736250 0.022500 0.012500
0 0.100000 0.757500 0.025000 0.010000
0 0.187500 0.720000 0.025000 0.010000
0 0.182500 0.775000 0.025000 0.010000
0 0.160000 0.788750 0.015000 0.012500
0 0.176250 0.601250 0.022500 0.012500
0 0.225000 0.613750 0.025000 0.012500
0 0.213750 0.660000 0.027500 0.010000
0 0.277500 0.593750 0.025000 0.012500
0 0.302500 0.545000 0.015000 0.015000
0 0.323750 0.550000 0.017500 0.015000
0 0.298750 0.512500 0.022500 0.010000
0 0.348750 0.500000 0.012500 0.010000
0 0.363750 0.508750 0.022500 0.012500
0 0.420000 0.482500 0.025000 0.010000
0 0.458750 0.507500 0.012500 0.015000
0 0.421250 0.517500 0.017500 0.015000
0 0.340000 0.615000 0.015000 0.015000
0 0.378750 0.598750 0.012500 0.012500
0 0.381250 0.605000 0.012500 0.015000
0 0.391250 0.618750 0.012500 0.012500
0 0.418750 0.610000 0.017500 0.015000
0 0.397500 0.643750 0.010000 0.012500
0 0.446250 0.638750 0.012500 0.012500
0 0.462500 0.623750 0.015000 0.012500
0 0.470000 0.657500 0.010000 0.015000
0 0.310000 0.706250 0.025000 0.012500
0 0.353750 0.737500 0.012500 0.015000
0 0.295000 0.787500 0.030000 0.010000
0 0.233750 0.761250 0.022500 0.012500
0 0.206250 0.783750 0.022500 0.012500
0 0.217500 0.805000 0.015000 0.015000
0 0.180000 0.820000 0.015000 0.010000
0 0.120000 0.792500 0.015000 0.010000
0 0.396250 0.771250 0.017500 0.012500
0 0.388750 0.792500 0.022500 0.020000
0 0.393750 0.825000 0.017500 0.015000
0 0.432500 0.790000 0.015000 0.015000
0 0.467500 0.742500 0.015000 0.015000
0 0.480000 0.551250 0.025000 0.007500
0 0.478750 0.561250 0.012500 0.012500
0 0.518750 0.582500 0.012500 0.010000
0 0.515000 0.606250 0.010000 0.012500
0 0.535000 0.587500 0.010000 0.010000
0 0.542500 0.600000 0.010000 0.010000
0 0.606250 0.625000 0.012500 0.010000
0 0.550000 0.658750 0.020000 0.012500
0 0.588750 0.640000 0.012500 0.010000
0 0.540000 0.695000 0.010000 0.015000
0 0.575000 0.676250 0.010000 0.007500
0 0.633750 0.701250 0.012500 0.007500
0 0.582500 0.737500 0.030000 0.010000
0 0.481250 0.770000 0.017500 0.015000
0 0.492500 0.792500 0.010000 0.010000
0 0.498750 0.805000 0.012500 0.010000
0 0.467500 0.806250 0.010000 0.012500
0 0.445000 0.817500 0.015000 0.010000
0 0.476250 0.826250 0.022500 0.012500
0 0.592500 0.710000 0.015000 0.010000
0 0.327500 0.890000 0.025000 0.015000
0 0.332500 0.915000 0.025000 0.010000
0 0.305000 0.916250 0.025000 0.012500
0 0.263750 0.913750 0.027500 0.012500
0 0.241250 0.890000 0.027500 0.010000
0 0.208750 0.862500 0.022500 0.010000
0 0.187500 0.860000 0.015000 0.010000
0 0.190000 0.896250 0.020000 0.007500
0 0.221250 0.883750 0.022500 0.007500
0 0.182500 0.958750 0.020000 0.012500
0 0.090000 0.887500 0.015000 0.010000
0 0.081250 0.903750 0.027500 0.012500
0 0.075000 0.891250 0.015000 0.012500
0 0.041250 0.896250 0.012500 0.012500
0 0.021250 0.958750 0.012500 0.012500
0 0.156250 0.446250 0.022500 0.012500
