0 0.226250 0.425000 0.017500 0.015000
0 0.237500 0.420000 0.015000 0.015000
0 0.362500 0.403750 0.020000 0.017500
0 0.437500 0.281250 0.015000 0.012500
0 0.602500 0.460000 0.030000 0.015000
0 0.518750 0.366250 0.012500 0.017500
0 0.102500 0.726250 0.015000 0.017500
0 0.073750 0.651250 0.012500 0.012500
0 0.062500 0.622500 0.015000 0.010000
0 0.035000 0.730000 0.010000 0.015000
0 0.047500 0.730000 0.015000 0.015000
0 0.387500 0.705000 0.015000 0.015000
0 0.357500 0.673750 0.010000 0.017500
0 0.423750 0.623750 0.012500 0.012500
0 0.375000 0.775000 0.020000 0.020000
0 0.101250 0.630000 0.017500 0.015000
0 0.087500 0.615000 0.015000 0.020000
0 0.160000 0.781250 0.015000 0.017500
0 0.248750 0.333750 0.017500 0.012500
0 0.167500 0.715000 0.020000 0.015000
0 0.156250 0.826250 0.022500 0.017500
