0 0.152500 0.501250 0.020000 0.012500
0 0.851250 0.400000 0.017500 0.015000
0 0.680000 0.578750 0.015000 0.012500
0 0.703750 0.591250 0.017500 0.012500
0 0.645000 0.612500 0.015000 0.015000
0 0.561250 0.593750 0.022500 0.012500
0 0.657500 0.660000 0.020000 0.015000
0 0.662500 0.693750 0.015000 0.012500
0 0.667500 0.705000 0.020000 0.015000
0 0.641250 0.655000 0.012500 0.010000
0 0.658750 0.725000 0.027500 0.015000
0 0.653750 0.740000 0.017500 0.015000
0 0.925000 0.520000 0.015000 0.010000
0 0.880000 0.587500 0.015000 0.010000
0 0.875000 0.602500 0.015000 0.010000
0 0.910000 0.588750 0.010000 0.012500
0 0.868750 0.711250 0.012500 0.012500
0 0.927500 0.707500 0.025000 0.015000
0 0.913750 0.788750 0.022500 0.012500
0 0.983750 0.813750 0.022500 0.017500
0 0.901250 0.896250 0.007500 0.012500
0 0.913750 0.888750 0.012500 0.012500
