0 0.288750 0.285000 0.022500 0.015000
0 0.347500 0.131250 0.020000 0.012500
0 0.528750 0.115000 0.022500 0.015000
0 0.512500 0.148750 0.025000 0.012500
0 0.556250 0.230000 0.027500 0.015000
0 0.580000 0.012500 0.020000 0.015000
0 0.566250 0.111250 0.022500 0.017500
0 0.565000 0.151250 0.020000 0.012500
0 0.700000 0.223750 0.020000 0.017500
0 0.598750 0.257500 0.017500 0.015000
0 0.610000 0.275000 0.020000 0.020000
0 0.500000 0.392500 0.020000 0.015000
0 0.448750 0.402500 0.017500 0.015000
0 0.466250 0.408750 0.022500 0.012500
0 0.538750 0.437500 0.022500 0.010000
0 0.550000 0.476250 0.020000 0.012500
0 0.667500 0.530000 0.020000 0.015000
0 0.731250 0.615000 0.027500 0.015000
0 0.732500 0.652500 0.030000 0.010000
0 0.743750 0.751250 0.027500 0.017500
0 0.827500 0.862500 0.025000 0.020000
0 0.405000 0.228750 0.020000 0.012500
