0 0.910000 0.581250 0.025000 0.017500
0 0.978750 0.576250 0.032500 0.012500
0 0.992500 0.645000 0.015000 0.020000
0 0.912500 0.791250 0.020000 0.012500
0 0.965000 0.808750 0.020000 0.007500
0 0.963750 0.836250 0.017500 0.007500
0 0.965000 0.850000 0.025000 0.010000
0 0.920000 0.853750 0.015000 0.017500
0 0.867500 0.871250 0.015000 0.012500
0 0.768750 0.738750 0.017500 0.012500
0 0.966250 0.873750 0.012500 0.012500
0 0.936250 0.905000 0.012500 0.010000
0 0.977500 0.887500 0.015000 0.015000
0 0.986250 0.912500 0.012500 0.015000
0 0.995000 0.936250 0.010000 0.012500
0 0.937500 0.941250 0.025000 0.012500
0 0.921250 0.952500 0.012500 0.015000
0 0.920000 0.981250 0.020000 0.017500
0 0.815000 0.902500 0.025000 0.015000
0 0.798750 0.920000 0.017500 0.015000
0 0.701250 0.961250 0.012500 0.012500
0 0.975000 0.977500 0.010000 0.010000
0 0.991250 0.990000 0.012500 0.015000
