0 0.788750 0.215000 0.022500 0.020000
0 0.813750 0.277500 0.027500 0.020000
0 0.870000 0.343750 0.025000 0.017500
0 0.747500 0.387500 0.015000 0.015000
0 0.678750 0.577500 0.022500 0.010000
0 0.846250 0.615000 0.022500 0.015000
0 0.573750 0.752500 0.022500 0.015000
0 0.578750 0.775000 0.017500 0.015000
0 0.668750 0.876250 0.022500 0.012500
0 0.907500 0.863750 0.015000 0.017500
0 0.932500 0.843750 0.010000 0.012500
0 0.980000 0.838750 0.010000 0.017500
0 0.982500 0.878750 0.015000 0.017500
0 0.868750 0.956250 0.012500 0.012500
0 0.995000 0.993750 0.010000 0.012500
