1 0.310000 0.061250 0.015000 0.012500
1 0.357500 0.101250 0.015000 0.012500
1 0.356250 0.125000 0.017500 0.015000
1 0.372500 0.142500 0.015000 0.015000
1 0.390000 0.113750 0.015000 0.012500
1 0.400000 0.093750 0.020000 0.012500
1 0.462500 0.088750 0.020000 0.012500
1 0.420000 0.167500 0.020000 0.015000
1 0.452500 0.236250 0.020000 0.017500
1 0.425000 0.278750 0.015000 0.012500
1 0.122500 0.165000 0.010000 0.010000
1 0.172500 0.303750 0.015000 0.012500
1 0.135000 0.355000 0.020000 0.015000
1 0.600000 0.711250 0.010000 0.012500
