1 0.325000 0.661250 0.015000 0.012500
1 0.408750 0.671250 0.012500 0.012500
1 0.480000 0.581250 0.010000 0.012500
1 0.685000 0.923750 0.010000 0.012500
1 0.733750 0.920000 0.012500 0.015000
1 0.796250 0.375000 0.012500 0.010000
1 0.845000 0.450000 0.015000 0.010000
1 0.856250 0.406250 0.017500 0.012500
1 0.881250 0.377500 0.017500 0.010000
1 0.905000 0.346250 0.015000 0.012500
1 0.888750 0.432500 0.017500 0.010000
1 0.977500 0.545000 0.015000 0.015000
1 0.940000 0.467500 0.015000 0.015000
1 0.971250 0.485000 0.012500 0.015000
1 0.933750 0.733750 0.017500 0.012500
1 0.658750 0.620000 0.012500 0.010000
1 0.888750 0.443750 0.017500 0.012500
