1 0.721250 0.563750 0.012500 0.012500
1 0.686250 0.588750 0.012500 0.012500
1 0.645000 0.603750 0.015000 0.012500
1 0.883750 0.717500 0.012500 0.015000
1 0.755000 0.716250 0.010000 0.012500
1 0.732500 0.782500 0.010000 0.015000
1 0.710000 0.785000 0.010000 0.015000
1 0.677500 0.803750 0.015000 0.012500
1 0.668750 0.783750 0.012500 0.012500
1 0.658750 0.760000 0.012500 0.015000
1 0.642500 0.770000 0.015000 0.010000
1 0.823750 0.810000 0.022500 0.010000
1 0.643750 0.805000 0.007500 0.010000
1 0.650000 0.797500 0.010000 0.010000
1 0.665000 0.805000 0.015000 0.010000
1 0.638750 0.795000 0.012500 0.010000
1 0.633750 0.805000 0.012500 0.010000
1 0.656250 0.826250 0.012500 0.012500
1 0.665000 0.827500 0.010000 0.010000
1 0.688750 0.825000 0.012500 0.010000
1 0.741250 0.815000 0.012500 0.010000
1 0.665000 0.845000 0.010000 0.015000
