0 0.121250 0.348750 0.017500 0.012500
0 0.180000 0.367500 0.015000 0.020000
0 0.267500 0.367500 0.015000 0.020000
0 0.327500 0.385000 0.035000 0.025000
0 0.340000 0.338750 0.015000 0.012500
0 0.513750 0.406250 0.027500 0.022500
0 0.523750 0.443750 0.017500 0.012500
0 0.518750 0.528750 0.022500 0.012500
0 0.511250 0.570000 0.022500 0.025000
0 0.481250 0.466250 0.022500 0.012500
0 0.442500 0.497500 0.020000 0.015000
0 0.526250 0.290000 0.027500 0.025000
0 0.577500 0.362500 0.015000 0.015000
0 0.606250 0.310000 0.017500 0.015000
0 0.530000 0.646250 0.020000 0.022500
0 0.466250 0.768750 0.027500 0.022500
0 0.455000 0.826250 0.030000 0.022500
0 0.561250 0.858750 0.032500 0.027500
0 0.333750 0.862500 0.037500 0.025000
