0 0.587500 0.013750 0.020000 0.017500
0 0.631250 0.007500 0.017500 0.010000
0 0.617500 0.086250 0.020000 0.017500
0 0.768750 0.077500 0.017500 0.020000
0 0.857500 0.077500 0.020000 0.015000
0 0.826250 0.018750 0.012500 0.017500
0 0.876250 0.101250 0.012500 0.012500
0 0.971250 0.061250 0.012500 0.017500
0 0.992500 0.021250 0.015000 0.017500
0 0.955000 0.136250 0.015000 0.017500
0 0.900000 0.150000 0.015000 0.015000
0 0.881250 0.158750 0.012500 0.017500
0 0.843750 0.116250 0.017500 0.022500
0 0.841250 0.141250 0.012500 0.017500
0 0.808750 0.147500 0.012500 0.015000
0 0.787500 0.120000 0.015000 0.025000
0 0.777500 0.200000 0.015000 0.015000
0 0.863750 0.220000 0.012500 0.015000
0 0.872500 0.195000 0.020000 0.015000
0 0.925000 0.256250 0.015000 0.017500
0 0.975000 0.280000 0.020000 0.020000
0 0.981250 0.237500 0.017500 0.015000
0 0.910000 0.276250 0.025000 0.022500
0 0.901250 0.335000 0.012500 0.015000
0 0.885000 0.317500 0.015000 0.015000
0 0.852500 0.288750 0.010000 0.017500
0 0.831250 0.272500 0.027500 0.035000
0 0.795000 0.313750 0.020000 0.027500
0 0.686250 0.293750 0.017500 0.022500
0 0.767500 0.307500 0.015000 0.015000
0 0.750000 0.231250 0.010000 0.017500
0 0.845000 0.388750 0.025000 0.027500
0 0.868750 0.447500 0.022500 0.020000
0 0.930000 0.446250 0.020000 0.017500
0 0.695000 0.416250 0.015000 0.022500
0 0.885000 0.560000 0.020000 0.020000
0 0.765000 0.542500 0.020000 0.020000
0 0.735000 0.525000 0.020000 0.015000
0 0.802500 0.565000 0.020000 0.015000
0 0.827500 0.212500 0.015000 0.020000
0 0.786250 0.265000 0.012500 0.020000
0 0.918750 0.067500 0.017500 0.020000
0 0.892500 0.010000 0.015000 0.015000
0 0.786250 0.403750 0.027500 0.022500
0 0.786250 0.381250 0.017500 0.017500
0 0.826250 0.677500 0.017500 0.020000
0 0.885000 0.656250 0.015000 0.017500
0 0.900000 0.693750 0.015000 0.017500
0 0.791250 0.827500 0.022500 0.020000
0 0.826250 0.831250 0.017500 0.017500
0 0.855000 0.813750 0.015000 0.017500
0 0.781250 0.886250 0.022500 0.017500
0 0.833750 0.925000 0.012500 0.015000
0 0.865000 0.886250 0.015000 0.017500
0 0.968750 0.396250 0.022500 0.022500
