0 0.582500 0.027500 0.010000 0.015000
0 0.600000 0.062500 0.015000 0.015000
0 0.487500 0.145000 0.010000 0.015000
0 0.507500 0.181250 0.015000 0.017500
0 0.738750 0.117500 0.017500 0.020000
0 0.747500 0.286250 0.020000 0.032500
0 0.598750 0.413750 0.017500 0.017500
0 0.613750 0.441250 0.017500 0.022500
0 0.743750 0.595000 0.017500 0.015000
0 0.703750 0.476250 0.012500 0.017500
0 0.762500 0.486250 0.020000 0.012500
0 0.763750 0.515000 0.012500 0.015000
0 0.838750 0.577500 0.012500 0.020000
0 0.698750 0.642500 0.012500 0.015000
0 0.788750 0.408750 0.017500 0.017500
0 0.786250 0.382500 0.012500 0.020000
0 0.775000 0.385000 0.010000 0.015000
0 0.865000 0.450000 0.020000 0.020000
0 0.975000 0.426250 0.015000 0.012500
0 0.902500 0.362500 0.025000 0.020000
0 0.783750 0.217500 0.017500 0.025000
0 0.816250 0.073750 0.022500 0.022500
0 0.950000 0.077500 0.015000 0.015000
0 0.916250 0.013750 0.017500 0.017500
0 0.978750 0.312500 0.012500 0.015000
0 0.986250 0.397500 0.017500 0.020000
