0 0.142500 0.020000 0.020000 0.015000
0 0.165000 0.532500 0.015000 0.015000
0 0.172500 0.592500 0.015000 0.015000
0 0.242500 0.617500 0.015000 0.015000
0 0.263750 0.651250 0.012500 0.012500
0 0.285000 0.668750 0.015000 0.017500
0 0.293750 0.690000 0.012500 0.015000
0 0.365000 0.695000 0.010000 0.015000
0 0.373750 0.650000 0.012500 0.015000
0 0.500000 0.757500 0.010000 0.010000
0 0.606250 0.536250 0.017500 0.012500
0 0.591250 0.537500 0.012500 0.015000
0 0.531250 0.468750 0.012500 0.012500
0 0.582500 0.476250 0.010000 0.012500
0 0.582500 0.461250 0.010000 0.012500
0 0.577500 0.447500 0.010000 0.015000
0 0.575000 0.425000 0.015000 0.015000
0 0.567500 0.415000 0.010000 0.010000
0 0.560000 0.393750 0.015000 0.012500
0 0.605000 0.362500 0.015000 0.015000
0 0.545000 0.351250 0.015000 0.012500
0 0.445000 0.438750 0.010000 0.012500
0 0.453750 0.390000 0.012500 0.010000
0 0.453750 0.373750 0.012500 0.012500
0 0.452500 0.336250 0.015000 0.012500
0 0.435000 0.323750 0.015000 0.012500
0 0.477500 0.316250 0.015000 0.012500
0 0.535000 0.326250 0.020000 0.017500
0 0.532500 0.302500 0.015000 0.015000
0 0.468750 0.305000 0.012500 0.010000
0 0.468750 0.293750 0.017500 0.012500
0 0.623750 0.251250 0.012500 0.012500
0 0.772500 0.251250 0.015000 0.012500
0 0.883750 0.352500 0.012500 0.015000
0 0.238750 0.417500 0.012500 0.010000
0 0.230000 0.403750 0.015000 0.012500
0 0.802500 0.053750 0.015000 0.012500
0 0.586250 0.123750 0.012500 0.012500
0 0.978750 0.023750 0.017500 0.012500
