0 0.308750 0.178750 0.022500 0.017500
0 0.207500 0.205000 0.025000 0.020000
0 0.250000 0.278750 0.020000 0.017500
0 0.172500 0.111250 0.020000 0.017500
0 0.185000 0.131250 0.020000 0.017500
0 0.203750 0.281250 0.017500 0.017500
0 0.230000 0.278750 0.015000 0.017500
0 0.156250 0.148750 0.017500 0.022500
0 0.032500 0.136250 0.020000 0.012500
0 0.036250 0.122500 0.017500 0.015000
0 0.056250 0.133750 0.012500 0.012500
0 0.057500 0.156250 0.020000 0.017500
0 0.067500 0.181250 0.015000 0.012500
0 0.126250 0.191250 0.022500 0.017500
0 0.226250 0.423750 0.022500 0.017500
0 0.240000 0.351250 0.015000 0.022500
0 0.182500 0.353750 0.020000 0.022500
0 0.205000 0.355000 0.015000 0.015000
0 0.158750 0.456250 0.017500 0.017500
0 0.133750 0.477500 0.012500 0.015000
0 0.121250 0.553750 0.012500 0.017500
0 0.110000 0.526250 0.015000 0.012500
0 0.100000 0.520000 0.015000 0.010000
0 0.073750 0.518750 0.017500 0.017500
0 0.051250 0.512500 0.012500 0.015000
0 0.056250 0.463750 0.022500 0.022500
0 0.011250 0.271250 0.017500 0.017500
0 0.013750 0.221250 0.017500 0.017500
0 0.042500 0.372500 0.015000 0.015000
0 0.073750 0.368750 0.017500 0.017500
0 0.045000 0.337500 0.020000 0.015000
0 0.026250 0.325000 0.017500 0.015000
0 0.182500 0.548750 0.015000 0.022500
