0 0.098750 0.250000 0.012500 0.015000
0 0.085000 0.295000 0.015000 0.015000
0 0.096250 0.287500 0.012500 0.015000
0 0.103750 0.327500 0.017500 0.015000
0 0.138750 0.318750 0.012500 0.012500
0 0.123750 0.360000 0.017500 0.010000
0 0.177500 0.365000 0.015000 0.015000
0 0.200000 0.370000 0.015000 0.015000
0 0.192500 0.315000 0.015000 0.015000
0 0.192500 0.295000 0.015000 0.015000
0 0.226250 0.351250 0.017500 0.012500
0 0.227500 0.336250 0.015000 0.012500
0 0.236250 0.323750 0.012500 0.012500
0 0.215000 0.328750 0.015000 0.012500
0 0.241250 0.348750 0.012500 0.012500
0 0.258750 0.371250 0.012500 0.017500
0 0.258750 0.345000 0.012500 0.010000
0 0.273750 0.350000 0.012500 0.015000
0 0.287500 0.358750 0.015000 0.012500
0 0.317500 0.385000 0.015000 0.015000
0 0.007500 0.568750 0.010000 0.012500
0 0.006250 0.580000 0.007500 0.015000
0 0.022500 0.588750 0.015000 0.012500
0 0.043750 0.610000 0.012500 0.010000
0 0.077500 0.603750 0.015000 0.012500
0 0.106250 0.570000 0.012500 0.015000
0 0.072500 0.621250 0.015000 0.012500
0 0.087500 0.621250 0.015000 0.012500
0 0.098750 0.621250 0.012500 0.017500
0 0.102500 0.635000 0.015000 0.015000
0 0.085000 0.640000 0.015000 0.015000
0 0.166250 0.632500 0.012500 0.010000
0 0.196250 0.662500 0.012500 0.015000
0 0.226250 0.696250 0.012500 0.012500
0 0.127500 0.495000 0.015000 0.015000
0 0.101250 0.491250 0.017500 0.017500
0 0.087500 0.470000 0.015000 0.015000
0 0.111250 0.468750 0.012500 0.012500
0 0.143750 0.452500 0.012500 0.010000
0 0.162500 0.421250 0.015000 0.012500
0 0.595000 0.303750 0.015000 0.012500
0 0.531250 0.187500 0.022500 0.015000
