0 0.717500 0.042500 0.025000 0.035000
0 0.692500 0.911250 0.015000 0.022500
0 0.801250 0.965000 0.017500 0.020000
0 0.788750 0.897500 0.017500 0.025000
0 0.823750 0.867500 0.017500 0.015000
0 0.900000 0.970000 0.020000 0.020000
0 0.915000 0.945000 0.015000 0.020000
0 0.903750 0.907500 0.027500 0.030000
0 0.910000 0.876250 0.030000 0.037500
0 0.931250 0.856250 0.022500 0.022500
0 0.962500 0.882500 0.040000 0.035000
0 0.981250 0.908750 0.022500 0.022500
0 0.950000 0.916250 0.015000 0.017500
0 0.971250 0.937500 0.012500 0.015000
0 0.960000 0.932500 0.015000 0.015000
0 0.953750 0.985000 0.012500 0.015000
0 0.923750 0.991250 0.017500 0.017500
