0 0.840000 0.007500 0.020000 0.010000
0 0.831250 0.033750 0.022500 0.017500
0 0.813750 0.062500 0.017500 0.020000
0 0.598750 0.256250 0.022500 0.017500
0 0.565000 0.247500 0.020000 0.020000
0 0.527500 0.257500 0.020000 0.025000
0 0.548750 0.228750 0.017500 0.017500
0 0.570000 0.222500 0.020000 0.020000
0 0.525000 0.213750 0.025000 0.017500
0 0.525000 0.200000 0.015000 0.015000
0 0.471250 0.213750 0.022500 0.017500
0 0.597500 0.181250 0.025000 0.022500
0 0.521250 0.175000 0.017500 0.020000
0 0.481250 0.160000 0.017500 0.015000
0 0.480000 0.136250 0.020000 0.017500
0 0.467500 0.116250 0.025000 0.017500
0 0.462500 0.073750 0.015000 0.017500
0 0.445000 0.027500 0.020000 0.015000
0 0.518750 0.062500 0.022500 0.015000
0 0.518750 0.115000 0.017500 0.020000
0 0.546250 0.116250 0.017500 0.012500
0 0.563750 0.113750 0.012500 0.012500
0 0.583750 0.098750 0.017500 0.017500
0 0.623750 0.161250 0.022500 0.022500
0 0.630000 0.133750 0.020000 0.012500
0 0.623750 0.121250 0.022500 0.012500
0 0.638750 0.112500 0.022500 0.015000
0 0.665000 0.142500 0.015000 0.015000
0 0.637500 0.200000 0.020000 0.015000
0 0.645000 0.185000 0.020000 0.015000
0 0.678750 0.177500 0.022500 0.015000
0 0.706250 0.155000 0.017500 0.015000
0 0.727500 0.147500 0.015000 0.015000
0 0.760000 0.146250 0.020000 0.017500
0 0.772500 0.131250 0.025000 0.017500
0 0.731250 0.098750 0.017500 0.022500
0 0.761250 0.070000 0.022500 0.020000
0 0.790000 0.056250 0.020000 0.017500
0 0.768750 0.045000 0.022500 0.020000
0 0.648750 0.065000 0.017500 0.020000
0 0.628750 0.060000 0.017500 0.020000
0 0.647500 0.011250 0.015000 0.017500
0 0.675000 0.008750 0.020000 0.012500
0 0.781250 0.096250 0.022500 0.022500
0 0.298750 0.383750 0.022500 0.017500
