0 0.513750 0.308750 0.027500 0.017500
0 0.432500 0.301250 0.015000 0.012500
0 0.433750 0.315000 0.012500 0.010000
0 0.423750 0.318750 0.012500 0.012500
0 0.411250 0.317500 0.012500 0.015000
0 0.385000 0.320000 0.010000 0.015000
0 0.368750 0.318750 0.012500 0.012500
0 0.250000 0.322500 0.010000 0.010000
0 0.237500 0.303750 0.015000 0.022500
0 0.295000 0.303750 0.020000 0.022500
0 0.308750 0.260000 0.022500 0.020000
0 0.377500 0.231250 0.015000 0.017500
0 0.447500 0.282500 0.015000 0.015000
0 0.482500 0.270000 0.015000 0.020000
0 0.466250 0.258750 0.007500 0.012500
0 0.458750 0.256250 0.007500 0.017500
0 0.528750 0.257500 0.012500 0.020000
0 0.497500 0.243750 0.015000 0.017500
0 0.567500 0.263750 0.020000 0.017500
0 0.582500 0.236250 0.025000 0.017500
0 0.560000 0.246250 0.010000 0.012500
0 0.550000 0.242500 0.010000 0.015000
0 0.517500 0.228750 0.020000 0.022500
0 0.522500 0.205000 0.015000 0.025000
0 0.556250 0.210000 0.017500 0.020000
0 0.596250 0.208750 0.017500 0.022500
0 0.258750 0.191250 0.017500 0.017500
0 0.281250 0.128750 0.012500 0.017500
0 0.220000 0.106250 0.025000 0.022500
0 0.183750 0.031250 0.022500 0.022500
0 0.161250 0.125000 0.017500 0.020000
0 0.297500 0.037500 0.015000 0.020000
0 0.412500 0.022500 0.015000 0.020000
0 0.603750 0.145000 0.017500 0.020000
0 0.590000 0.151250 0.020000 0.022500
0 0.555000 0.173750 0.015000 0.017500
0 0.353750 0.015000 0.022500 0.020000
