0 0.768750 0.938750 0.012500 0.017500
0 0.830000 0.893750 0.010000 0.017500
0 0.733750 0.907500 0.017500 0.015000
0 0.728750 0.883750 0.012500 0.017500
0 0.746250 0.881250 0.017500 0.012500
0 0.762500 0.867500 0.010000 0.015000
0 0.738750 0.860000 0.012500 0.015000
0 0.752500 0.851250 0.010000 0.017500
0 0.736250 0.827500 0.017500 0.015000
0 0.710000 0.790000 0.015000 0.015000
0 0.790000 0.846250 0.010000 0.017500
0 0.780000 0.838750 0.015000 0.017500
0 0.811250 0.827500 0.017500 0.015000
0 0.877500 0.806250 0.015000 0.017500
0 0.930000 0.777500 0.010000 0.015000
0 0.888750 0.781250 0.012500 0.017500
0 0.892500 0.766250 0.015000 0.012500
0 0.866250 0.777500 0.012500 0.015000
0 0.828750 0.777500 0.012500 0.015000
0 0.811250 0.778750 0.012500 0.017500
0 0.777500 0.788750 0.015000 0.017500
0 0.765000 0.792500 0.015000 0.015000
0 0.763750 0.765000 0.012500 0.015000
0 0.751250 0.767500 0.012500 0.015000
0 0.740000 0.765000 0.015000 0.015000
0 0.801250 0.757500 0.012500 0.015000
0 0.780000 0.745000 0.010000 0.015000
0 0.846250 0.747500 0.012500 0.015000
0 0.770000 0.746250 0.010000 0.012500
0 0.765000 0.733750 0.015000 0.012500
0 0.815000 0.743750 0.010000 0.012500
0 0.830000 0.737500 0.010000 0.015000
0 0.771250 0.706250 0.012500 0.012500
0 0.778750 0.711250 0.007500 0.017500
0 0.791250 0.717500 0.012500 0.015000
0 0.800000 0.728750 0.015000 0.017500
0 0.816250 0.695000 0.012500 0.015000
0 0.850000 0.666250 0.015000 0.012500
0 0.787500 0.757500 0.015000 0.020000
