0 0.473750 0.875000 0.017500 0.015000
0 0.466250 0.893750 0.012500 0.012500
0 0.436250 0.917500 0.017500 0.015000
0 0.432500 0.962500 0.015000 0.020000
0 0.441250 0.978750 0.012500 0.012500
0 0.453750 0.982500 0.012500 0.015000
0 0.396250 0.995000 0.017500 0.010000
0 0.536250 0.986250 0.022500 0.017500
0 0.627500 0.926250 0.020000 0.022500
0 0.656250 0.935000 0.022500 0.015000
0 0.695000 0.960000 0.020000 0.015000
0 0.711250 0.981250 0.017500 0.017500
0 0.720000 0.951250 0.015000 0.017500
0 0.845000 0.988750 0.025000 0.017500
0 0.748750 0.866250 0.022500 0.017500
