0 0.893750 0.812500 0.022500 0.020000
0 0.271250 0.018750 0.012500 0.012500
0 0.152500 0.032500 0.010000 0.010000
0 0.132500 0.037500 0.010000 0.010000
0 0.133750 0.052500 0.012500 0.010000
0 0.191250 0.053750 0.012500 0.012500
0 0.203750 0.052500 0.012500 0.010000
0 0.197500 0.066250 0.015000 0.012500
0 0.205000 0.077500 0.015000 0.010000
0 0.223750 0.081250 0.017500 0.012500
0 0.246250 0.100000 0.012500 0.015000
0 0.260000 0.091250 0.010000 0.012500
0 0.303750 0.138750 0.017500 0.012500
0 0.295000 0.157500 0.015000 0.010000
0 0.307500 0.172500 0.015000 0.010000
0 0.242500 0.206250 0.015000 0.012500
0 0.191250 0.212500 0.017500 0.015000
0 0.172500 0.246250 0.015000 0.012500
0 0.196250 0.246250 0.012500 0.012500
0 0.211250 0.256250 0.012500 0.012500
0 0.205000 0.316250 0.015000 0.012500
0 0.272500 0.276250 0.015000 0.012500
0 0.278750 0.231250 0.012500 0.012500
0 0.295000 0.227500 0.015000 0.015000
0 0.287500 0.352500 0.010000 0.010000
0 0.288750 0.370000 0.012500 0.015000
0 0.252500 0.386250 0.015000 0.012500
0 0.345000 0.422500 0.020000 0.010000
0 0.363750 0.456250 0.017500 0.012500
0 0.346250 0.466250 0.012500 0.012500
0 0.402500 0.016250 0.010000 0.012500
0 0.420000 0.031250 0.010000 0.012500
0 0.403750 0.035000 0.012500 0.010000
0 0.387500 0.018750 0.010000 0.012500
0 0.156250 0.327500 0.012500 0.010000
