0 0.058750 0.411250 0.027500 0.027500
0 0.272500 0.330000 0.015000 0.015000
0 0.291250 0.245000 0.017500 0.020000
0 0.508750 0.171250 0.012500 0.012500
0 0.538750 0.187500 0.017500 0.015000
0 0.515000 0.215000 0.015000 0.015000
0 0.608750 0.387500 0.017500 0.015000
0 0.468750 0.417500 0.017500 0.015000
0 0.473750 0.478750 0.012500 0.017500
0 0.557500 0.562500 0.020000 0.020000
0 0.502500 0.588750 0.025000 0.017500
0 0.691250 0.608750 0.012500 0.022500
0 0.668750 0.642500 0.017500 0.015000
0 0.540000 0.453750 0.015000 0.017500
