0 0.618750 0.030000 0.017500 0.015000
0 0.638750 0.087500 0.012500 0.020000
0 0.603750 0.127500 0.012500 0.020000
0 0.637500 0.146250 0.015000 0.017500
0 0.650000 0.228750 0.015000 0.022500
0 0.692500 0.216250 0.015000 0.022500
0 0.798750 0.243750 0.012500 0.012500
0 0.807500 0.251250 0.015000 0.012500
0 0.833750 0.256250 0.012500 0.012500
0 0.853750 0.251250 0.012500 0.017500
0 0.873750 0.238750 0.012500 0.012500
0 0.901250 0.242500 0.012500 0.015000
0 0.885000 0.227500 0.015000 0.010000
0 0.855000 0.173750 0.015000 0.017500
0 0.917500 0.151250 0.015000 0.012500
0 0.901250 0.115000 0.012500 0.015000
0 0.790000 0.052500 0.015000 0.015000
0 0.798750 0.086250 0.017500 0.017500
0 0.886250 0.020000 0.012500 0.015000
0 0.873750 0.057500 0.012500 0.015000
0 0.715000 0.445000 0.015000 0.015000
0 0.735000 0.420000 0.015000 0.015000
0 0.833750 0.438750 0.012500 0.012500
0 0.798750 0.425000 0.012500 0.015000
0 0.773750 0.413750 0.017500 0.012500
0 0.793750 0.410000 0.012500 0.015000
0 0.801250 0.436250 0.012500 0.012500
0 0.817500 0.501250 0.015000 0.012500
0 0.818750 0.488750 0.012500 0.012500
0 0.772500 0.466250 0.020000 0.017500
0 0.787500 0.465000 0.010000 0.015000
0 0.868750 0.608750 0.012500 0.017500
0 0.976250 0.633750 0.017500 0.017500
0 0.975000 0.603750 0.015000 0.017500
0 0.987500 0.587500 0.010000 0.015000
0 0.973750 0.580000 0.012500 0.020000
0 0.996250 0.568750 0.007500 0.022500
0 0.980000 0.420000 0.015000 0.015000
0 0.837500 0.693750 0.015000 0.017500
0 0.843750 0.735000 0.012500 0.015000
0 0.828750 0.738750 0.012500 0.012500
0 0.805000 0.722500 0.015000 0.015000
0 0.685000 0.966250 0.010000 0.017500
0 0.932500 0.917500 0.020000 0.015000
0 0.791250 0.305000 0.012500 0.020000
