0 0.698750 0.415000 0.027500 0.020000
0 0.741250 0.416250 0.027500 0.022500
0 0.737500 0.381250 0.035000 0.022500
0 0.757500 0.343750 0.030000 0.022500
0 0.760000 0.315000 0.025000 0.020000
0 0.731250 0.300000 0.027500 0.020000
0 0.775000 0.412500 0.030000 0.025000
0 0.812500 0.435000 0.030000 0.020000
0 0.830000 0.408750 0.030000 0.022500
0 0.806250 0.391250 0.027500 0.022500
0 0.797500 0.361250 0.035000 0.022500
0 0.797500 0.332500 0.030000 0.020000
0 0.831250 0.337500 0.027500 0.025000
0 0.866250 0.468750 0.032500 0.027500
0 0.882500 0.415000 0.035000 0.025000
0 0.923750 0.442500 0.027500 0.020000
0 0.918750 0.477500 0.027500 0.025000
0 0.958750 0.473750 0.027500 0.022500
0 0.957500 0.451250 0.025000 0.022500
0 0.832500 0.305000 0.035000 0.025000
0 0.861250 0.323750 0.022500 0.017500
0 0.897500 0.345000 0.035000 0.020000
0 0.901250 0.317500 0.027500 0.020000
0 0.875000 0.301250 0.030000 0.017500
0 0.846250 0.265000 0.037500 0.025000
0 0.887500 0.262500 0.035000 0.020000
0 0.936250 0.323750 0.032500 0.022500
0 0.955000 0.257500 0.020000 0.015000
0 0.960000 0.378750 0.030000 0.022500
0 0.987500 0.303750 0.025000 0.022500
