0 0.676250 0.962500 0.017500 0.015000
0 0.683750 0.943750 0.017500 0.017500
0 0.428750 0.413750 0.017500 0.027500
0 0.470000 0.370000 0.010000 0.015000
0 0.463750 0.365000 0.012500 0.020000
0 0.490000 0.342500 0.015000 0.025000
0 0.502500 0.375000 0.020000 0.020000
0 0.546250 0.363750 0.012500 0.017500
0 0.527500 0.353750 0.015000 0.017500
0 0.530000 0.333750 0.015000 0.017500
0 0.555000 0.336250 0.015000 0.017500
0 0.603750 0.361250 0.012500 0.017500
0 0.637500 0.360000 0.015000 0.020000
0 0.640000 0.342500 0.010000 0.025000
0 0.630000 0.333750 0.010000 0.017500
0 0.612500 0.341250 0.015000 0.022500
0 0.622500 0.308750 0.010000 0.017500
0 0.603750 0.316250 0.012500 0.017500
0 0.593750 0.320000 0.012500 0.025000
0 0.582500 0.321250 0.010000 0.022500
0 0.573750 0.323750 0.012500 0.022500
0 0.487500 0.315000 0.015000 0.020000
0 0.493750 0.287500 0.012500 0.020000
