0 0.463750 0.228750 0.032500 0.032500
0 0.396250 0.252500 0.022500 0.025000
0 0.187500 0.441250 0.020000 0.022500
0 0.031250 0.375000 0.022500 0.020000
0 0.053750 0.248750 0.017500 0.017500
0 0.322500 0.157500 0.030000 0.030000
0 0.207500 0.150000 0.015000 0.020000
0 0.048750 0.167500 0.017500 0.020000
0 0.017500 0.161250 0.015000 0.017500
0 0.140000 0.140000 0.015000 0.020000
0 0.082500 0.133750 0.020000 0.022500
0 0.042500 0.110000 0.015000 0.020000
0 0.088750 0.091250 0.017500 0.017500
0 0.163750 0.088750 0.017500 0.017500
0 0.186250 0.096250 0.022500 0.027500
0 0.232500 0.101250 0.025000 0.022500
0 0.258750 0.085000 0.017500 0.020000
0 0.313750 0.053750 0.022500 0.027500
0 0.208750 0.017500 0.022500 0.020000
0 0.123750 0.043750 0.017500 0.017500
0 0.076250 0.065000 0.017500 0.015000
0 0.022500 0.078750 0.020000 0.017500
0 0.013750 0.051250 0.017500 0.012500
0 0.031250 0.018750 0.017500 0.017500
0 0.451250 0.070000 0.027500 0.025000
0 0.488750 0.035000 0.032500 0.025000
0 0.275000 0.010000 0.025000 0.015000
