0 0.258750 0.953750 0.017500 0.027500
0 0.372500 0.896250 0.025000 0.027500
0 0.188750 0.858750 0.027500 0.027500
0 0.231250 0.827500 0.022500 0.020000
0 0.217500 0.810000 0.015000 0.015000
0 0.262500 0.788750 0.015000 0.027500
0 0.240000 0.776250 0.015000 0.027500
0 0.211250 0.766250 0.022500 0.027500
0 0.137500 0.746250 0.020000 0.027500
0 0.260000 0.723750 0.025000 0.027500
0 0.190000 0.696250 0.030000 0.032500
0 0.227500 0.575000 0.025000 0.030000
0 0.152500 0.592500 0.030000 0.030000
0 0.106250 0.613750 0.027500 0.032500
0 0.053750 0.618750 0.022500 0.022500
0 0.060000 0.585000 0.020000 0.025000
0 0.032500 0.570000 0.025000 0.030000
0 0.041250 0.515000 0.017500 0.020000
0 0.153750 0.535000 0.022500 0.015000
0 0.120000 0.536250 0.020000 0.017500
0 0.145000 0.508750 0.020000 0.017500
0 0.098750 0.498750 0.027500 0.037500
0 0.122500 0.456250 0.025000 0.027500
0 0.041250 0.455000 0.017500 0.015000
0 0.065000 0.390000 0.030000 0.035000
0 0.103750 0.416250 0.027500 0.042500
0 0.078750 0.355000 0.027500 0.025000
