0 0.365000 0.215000 0.030000 0.030000
0 0.353750 0.255000 0.017500 0.020000
0 0.353750 0.273750 0.022500 0.017500
0 0.327500 0.277500 0.025000 0.020000
0 0.302500 0.261250 0.020000 0.012500
0 0.276250 0.267500 0.017500 0.015000
0 0.333750 0.238750 0.022500 0.022500
0 0.322500 0.175000 0.030000 0.030000
0 0.296250 0.226250 0.012500 0.017500
0 0.271250 0.238750 0.012500 0.022500
0 0.248750 0.248750 0.017500 0.017500
0 0.231250 0.270000 0.022500 0.025000
0 0.205000 0.245000 0.020000 0.020000
0 0.261250 0.221250 0.017500 0.017500
0 0.231250 0.225000 0.017500 0.015000
0 0.240000 0.211250 0.015000 0.017500
0 0.097500 0.215000 0.025000 0.025000
0 0.130000 0.205000 0.025000 0.020000
0 0.190000 0.196250 0.020000 0.017500
0 0.326250 0.116250 0.012500 0.017500
0 0.293750 0.121250 0.012500 0.017500
0 0.286250 0.081250 0.012500 0.017500
0 0.287500 0.060000 0.020000 0.015000
0 0.302500 0.047500 0.010000 0.015000
0 0.281250 0.037500 0.022500 0.015000
0 0.225000 0.181250 0.025000 0.017500
0 0.235000 0.155000 0.015000 0.020000
0 0.196250 0.157500 0.012500 0.015000
0 0.185000 0.163750 0.010000 0.017500
0 0.162500 0.151250 0.015000 0.017500
0 0.173750 0.145000 0.012500 0.015000
0 0.195000 0.130000 0.015000 0.020000
0 0.218750 0.138750 0.017500 0.012500
0 0.217500 0.127500 0.015000 0.015000
0 0.233750 0.122500 0.017500 0.020000
0 0.247500 0.130000 0.015000 0.015000
0 0.066250 0.143750 0.017500 0.017500
0 0.085000 0.132500 0.025000 0.025000
0 0.068750 0.105000 0.027500 0.025000
0 0.156250 0.107500 0.017500 0.015000
0 0.177500 0.130000 0.015000 0.015000
0 0.216250 0.091250 0.022500 0.017500
0 0.208750 0.070000 0.012500 0.015000
0 0.137500 0.087500 0.015000 0.010000
0 0.222500 0.028750 0.020000 0.017500
0 0.138750 0.048750 0.012500 0.017500
0 0.157500 0.051250 0.015000 0.012500
0 0.177500 0.033750 0.010000 0.017500
0 0.156250 0.020000 0.012500 0.020000
0 0.126250 0.030000 0.012500 0.020000
0 0.103750 0.037500 0.012500 0.020000
0 0.252500 0.083750 0.015000 0.022500
