0 0.551250 0.978750 0.017500 0.012500
0 0.557500 0.963750 0.015000 0.012500
0 0.573750 0.958750 0.012500 0.017500
0 0.588750 0.958750 0.012500 0.012500
0 0.611250 0.971250 0.012500 0.012500
0 0.623750 0.957500 0.012500 0.020000
0 0.646250 0.982500 0.017500 0.015000
0 0.688750 0.971250 0.017500 0.017500
0 0.735000 0.967500 0.015000 0.015000
0 0.717500 0.923750 0.015000 0.017500
0 0.740000 0.908750 0.020000 0.017500
0 0.792500 0.906250 0.025000 0.017500
0 0.805000 0.922500 0.015000 0.015000
0 0.805000 0.931250 0.015000 0.012500
0 0.826250 0.942500 0.017500 0.015000
0 0.812500 0.962500 0.020000 0.020000
0 0.830000 0.958750 0.015000 0.012500
0 0.878750 0.968750 0.017500 0.017500
0 0.862500 0.941250 0.020000 0.017500
0 0.846250 0.913750 0.022500 0.017500
0 0.856250 0.892500 0.027500 0.020000
0 0.880000 0.873750 0.015000 0.017500
0 0.906250 0.877500 0.017500 0.020000
0 0.898750 0.908750 0.017500 0.017500
0 0.891250 0.952500 0.017500 0.015000
0 0.956250 0.920000 0.012500 0.020000
0 0.988750 0.965000 0.017500 0.015000
0 0.966250 0.887500 0.017500 0.020000
