0 0.101250 0.881250 0.012500 0.012500
0 0.026250 0.902500 0.012500 0.015000
0 0.045000 0.916250 0.015000 0.012500
0 0.031250 0.945000 0.017500 0.015000
0 0.016250 0.978750 0.017500 0.012500
0 0.342500 0.901250 0.015000 0.012500
0 0.401250 0.890000 0.017500 0.015000
0 0.433750 0.911250 0.022500 0.012500
0 0.435000 0.936250 0.020000 0.017500
0 0.421250 0.951250 0.012500 0.012500
0 0.438750 0.972500 0.017500 0.015000
0 0.487500 0.947500 0.020000 0.020000
0 0.345000 0.821250 0.010000 0.012500
0 0.333750 0.797500 0.022500 0.025000
0 0.361250 0.797500 0.017500 0.015000
0 0.318750 0.826250 0.012500 0.012500
0 0.302500 0.810000 0.010000 0.015000
0 0.583750 0.990000 0.022500 0.020000
0 0.671250 0.836250 0.022500 0.022500
0 0.527500 0.767500 0.030000 0.020000
0 0.621250 0.775000 0.022500 0.040000
0 0.452500 0.627500 0.015000 0.020000
0 0.473750 0.738750 0.017500 0.017500
0 0.711250 0.747500 0.022500 0.025000
0 0.692500 0.806250 0.025000 0.022500
0 0.713750 0.856250 0.017500 0.012500
0 0.705000 0.836250 0.025000 0.022500
0 0.675000 0.685000 0.020000 0.025000
0 0.327500 0.728750 0.025000 0.017500
0 0.671250 0.622500 0.012500 0.015000
