0 0.826250 0.446250 0.032500 0.022500
0 0.767500 0.468750 0.015000 0.012500
0 0.737500 0.428750 0.020000 0.012500
0 0.686250 0.403750 0.027500 0.017500
0 0.648750 0.395000 0.027500 0.020000
0 0.585000 0.435000 0.025000 0.015000
0 0.606250 0.451250 0.022500 0.017500
0 0.635000 0.480000 0.020000 0.015000
0 0.677500 0.510000 0.020000 0.015000
0 0.607500 0.537500 0.030000 0.025000
0 0.525000 0.498750 0.015000 0.022500
0 0.565000 0.567500 0.030000 0.020000
0 0.451250 0.500000 0.022500 0.025000
0 0.527500 0.610000 0.020000 0.020000
0 0.653750 0.676250 0.012500 0.027500
0 0.486250 0.621250 0.022500 0.017500
0 0.413750 0.552500 0.027500 0.030000
0 0.381250 0.545000 0.027500 0.025000
0 0.350000 0.598750 0.025000 0.017500
0 0.391250 0.650000 0.022500 0.025000
0 0.690000 0.592500 0.020000 0.020000
0 0.500000 0.712500 0.020000 0.015000
