0 0.317500 0.040000 0.015000 0.020000
0 0.377500 0.038750 0.015000 0.017500
0 0.537500 0.062500 0.015000 0.015000
0 0.378750 0.163750 0.017500 0.012500
0 0.413750 0.098750 0.012500 0.017500
0 0.435000 0.117500 0.020000 0.020000
0 0.471250 0.116250 0.012500 0.017500
0 0.562500 0.442500 0.015000 0.015000
0 0.588750 0.452500 0.012500 0.020000
0 0.625000 0.453750 0.015000 0.017500
0 0.676250 0.422500 0.012500 0.020000
0 0.723750 0.445000 0.012500 0.020000
0 0.657500 0.503750 0.015000 0.017500
0 0.575000 0.513750 0.025000 0.017500
0 0.602500 0.538750 0.015000 0.012500
0 0.647500 0.567500 0.015000 0.015000
0 0.688750 0.590000 0.012500 0.015000
0 0.728750 0.642500 0.017500 0.015000
0 0.618750 0.423750 0.017500 0.012500
0 0.462500 0.606250 0.015000 0.017500
0 0.482500 0.498750 0.015000 0.012500
0 0.336250 0.628750 0.022500 0.012500
0 0.936250 0.495000 0.012500 0.015000
