0 0.366250 0.675000 0.032500 0.025000
0 0.232500 0.741250 0.025000 0.022500
0 0.280000 0.746250 0.030000 0.022500
0 0.337500 0.732500 0.015000 0.015000
0 0.322500 0.721250 0.020000 0.017500
0 0.272500 0.721250 0.020000 0.017500
0 0.315000 0.707500 0.020000 0.010000
0 0.337500 0.706250 0.015000 0.007500
0 0.340000 0.697500 0.015000 0.015000
0 0.286250 0.697500 0.017500 0.015000
0 0.321250 0.688750 0.017500 0.017500
0 0.291250 0.678750 0.017500 0.012500
0 0.293750 0.666250 0.012500 0.012500
0 0.258750 0.662500 0.017500 0.020000
0 0.217500 0.625000 0.030000 0.025000
0 0.240000 0.600000 0.020000 0.020000
0 0.163750 0.623750 0.022500 0.022500
0 0.157500 0.598750 0.020000 0.022500
0 0.143750 0.575000 0.017500 0.015000
0 0.088750 0.611250 0.017500 0.017500
0 0.082500 0.591250 0.015000 0.017500
0 0.062500 0.590000 0.020000 0.015000
0 0.056250 0.578750 0.012500 0.012500
0 0.047500 0.568750 0.015000 0.012500
0 0.326250 0.661250 0.012500 0.012500
0 0.321250 0.648750 0.017500 0.012500
0 0.330000 0.637500 0.010000 0.010000
0 0.318750 0.636250 0.017500 0.012500
0 0.320000 0.620000 0.010000 0.015000
0 0.306250 0.616250 0.017500 0.017500
0 0.295000 0.598750 0.015000 0.012500
