0 0.543750 0.058750 0.027500 0.032500
0 0.598750 0.217500 0.027500 0.030000
0 0.355000 0.012500 0.015000 0.020000
0 0.672500 0.970000 0.020000 0.025000
0 0.588750 0.990000 0.027500 0.020000
0 0.477500 0.935000 0.020000 0.025000
0 0.385000 0.983750 0.035000 0.022500
0 0.360000 0.943750 0.030000 0.027500
0 0.437500 0.892500 0.020000 0.020000
0 0.302500 0.953750 0.020000 0.032500
0 0.342500 0.902500 0.015000 0.020000
0 0.390000 0.853750 0.025000 0.022500
0 0.537500 0.836250 0.030000 0.037500
0 0.580000 0.700000 0.020000 0.030000
0 0.222500 0.986250 0.020000 0.017500
0 0.250000 0.871250 0.015000 0.017500
0 0.312500 0.866250 0.020000 0.017500
0 0.322500 0.833750 0.020000 0.022500
0 0.210000 0.810000 0.020000 0.030000
0 0.105000 0.838750 0.030000 0.032500
0 0.141250 0.883750 0.032500 0.032500
0 0.171250 0.907500 0.022500 0.020000
0 0.185000 0.867500 0.020000 0.020000
0 0.053750 0.872500 0.032500 0.035000
0 0.035000 0.897500 0.015000 0.015000
0 0.070000 0.912500 0.020000 0.020000
0 0.086250 0.933750 0.017500 0.022500
0 0.132500 0.938750 0.020000 0.017500
0 0.103750 0.985000 0.012500 0.020000
0 0.060000 0.990000 0.020000 0.020000
0 0.060000 0.952500 0.020000 0.015000
0 0.008750 0.942500 0.012500 0.015000
0 0.027500 0.975000 0.015000 0.025000
0 0.010000 0.987500 0.015000 0.020000
