0 0.212500 0.198750 0.020000 0.017500
0 0.028750 0.437500 0.012500 0.010000
0 0.141250 0.556250 0.017500 0.022500
0 0.083750 0.658750 0.017500 0.017500
0 0.308750 0.576250 0.017500 0.017500
0 0.373750 0.592500 0.012500 0.015000
0 0.302500 0.607500 0.015000 0.020000
0 0.177500 0.667500 0.015000 0.020000
0 0.293750 0.666250 0.012500 0.017500
0 0.263750 0.688750 0.012500 0.017500
0 0.192500 0.716250 0.025000 0.022500
0 0.313750 0.705000 0.027500 0.020000
0 0.335000 0.697500 0.025000 0.025000
0 0.183750 0.768750 0.022500 0.027500
0 0.222500 0.752500 0.025000 0.025000
0 0.215000 0.781250 0.030000 0.022500
0 0.252500 0.775000 0.020000 0.015000
0 0.215000 0.815000 0.015000 0.020000
0 0.385000 0.733750 0.015000 0.017500
0 0.377500 0.758750 0.015000 0.012500
0 0.432500 0.753750 0.015000 0.017500
0 0.335000 0.782500 0.015000 0.020000
0 0.163750 0.887500 0.017500 0.020000
0 0.231250 0.887500 0.017500 0.015000
0 0.255000 0.908750 0.020000 0.027500
0 0.275000 0.890000 0.015000 0.015000
0 0.317500 0.900000 0.025000 0.025000
0 0.150000 0.971250 0.025000 0.027500
