0 0.235000 0.387500 0.035000 0.045000
0 0.307500 0.452500 0.020000 0.030000
0 0.136250 0.322500 0.022500 0.020000
0 0.216250 0.195000 0.022500 0.020000
0 0.243750 0.247500 0.017500 0.020000
0 0.303750 0.361250 0.017500 0.017500
0 0.311250 0.232500 0.012500 0.015000
0 0.193750 0.146250 0.012500 0.012500
0 0.137500 0.112500 0.015000 0.015000
0 0.120000 0.080000 0.015000 0.015000
0 0.165000 0.203750 0.020000 0.017500
0 0.176250 0.305000 0.022500 0.020000
0 0.357500 0.831250 0.025000 0.042500
0 0.335000 0.818750 0.020000 0.022500
0 0.480000 0.786250 0.030000 0.042500
0 0.508750 0.823750 0.032500 0.042500
0 0.445000 0.698750 0.015000 0.012500
0 0.787500 0.106250 0.025000 0.032500
0 0.777500 0.016250 0.015000 0.022500
0 0.795000 0.015000 0.015000 0.025000
0 0.245000 0.128750 0.020000 0.022500
