0 0.901250 0.632500 0.022500 0.020000
0 0.827500 0.627500 0.040000 0.025000
0 0.953750 0.570000 0.032500 0.035000
0 0.740000 0.570000 0.040000 0.035000
0 0.795000 0.562500 0.035000 0.040000
0 0.762500 0.521250 0.035000 0.032500
0 0.798750 0.510000 0.027500 0.030000
0 0.787500 0.493750 0.010000 0.012500
0 0.761250 0.493750 0.017500 0.017500
0 0.748750 0.470000 0.017500 0.015000
0 0.930000 0.497500 0.015000 0.020000
0 0.985000 0.485000 0.015000 0.020000
0 0.962500 0.486250 0.015000 0.017500
0 0.948750 0.466250 0.017500 0.017500
0 0.918750 0.460000 0.017500 0.020000
0 0.988750 0.446250 0.012500 0.017500
0 0.976250 0.427500 0.012500 0.020000
0 0.966250 0.420000 0.012500 0.020000
0 0.948750 0.420000 0.012500 0.020000
0 0.913750 0.433750 0.012500 0.022500
0 0.872500 0.490000 0.015000 0.020000
0 0.852500 0.468750 0.015000 0.022500
0 0.833750 0.463750 0.012500 0.017500
0 0.780000 0.400000 0.010000 0.020000
0 0.745000 0.401250 0.015000 0.022500
0 0.745000 0.348750 0.020000 0.022500
0 0.885000 0.452500 0.010000 0.020000
0 0.865000 0.453750 0.010000 0.017500
0 0.853750 0.447500 0.017500 0.025000
0 0.886250 0.421250 0.022500 0.017500
0 0.918750 0.396250 0.012500 0.022500
0 0.956250 0.385000 0.017500 0.015000
0 0.883750 0.388750 0.012500 0.017500
0 0.863750 0.390000 0.017500 0.020000
0 0.882500 0.356250 0.015000 0.022500
0 0.853750 0.331250 0.012500 0.017500
0 0.792500 0.340000 0.025000 0.020000
0 0.830000 0.381250 0.020000 0.027500
0 0.948750 0.331250 0.017500 0.017500
0 0.907500 0.313750 0.015000 0.017500
0 0.950000 0.297500 0.020000 0.020000
0 0.976250 0.286250 0.017500 0.017500
0 0.795000 0.446250 0.020000 0.022500
