0 0.936250 0.922500 0.027500 0.030000
0 0.868750 0.890000 0.027500 0.030000
0 0.906250 0.816250 0.027500 0.037500
0 0.838750 0.850000 0.027500 0.035000
0 0.593750 0.895000 0.027500 0.030000
0 0.598750 0.821250 0.027500 0.027500
0 0.528750 0.847500 0.017500 0.015000
0 0.538750 0.842500 0.017500 0.025000
0 0.517500 0.840000 0.015000 0.015000
0 0.492500 0.825000 0.020000 0.025000
0 0.522500 0.811250 0.025000 0.022500
0 0.507500 0.762500 0.030000 0.035000
0 0.543750 0.738750 0.027500 0.037500
0 0.510000 0.703750 0.025000 0.032500
0 0.402500 0.615000 0.025000 0.035000
0 0.815000 0.791250 0.020000 0.027500
0 0.802500 0.761250 0.020000 0.027500
0 0.832500 0.765000 0.020000 0.020000
0 0.700000 0.675000 0.030000 0.035000
0 0.561250 0.621250 0.027500 0.027500
0 0.848750 0.696250 0.032500 0.042500
0 0.912500 0.726250 0.030000 0.032500
0 0.986250 0.705000 0.022500 0.025000
0 0.973750 0.673750 0.027500 0.037500
0 0.911250 0.635000 0.027500 0.030000
0 0.852500 0.648750 0.020000 0.022500
0 0.832500 0.633750 0.020000 0.022500
0 0.856250 0.612500 0.022500 0.025000
0 0.745000 0.637500 0.025000 0.030000
0 0.776250 0.622500 0.027500 0.035000
0 0.790000 0.577500 0.035000 0.040000
0 0.693750 0.718750 0.017500 0.022500
0 0.766250 0.786250 0.012500 0.017500
0 0.963750 0.791250 0.012500 0.017500
0 0.547500 0.550000 0.020000 0.030000
0 0.560000 0.503750 0.025000 0.032500
0 0.577500 0.466250 0.025000 0.027500
0 0.548750 0.456250 0.027500 0.032500
0 0.497500 0.446250 0.030000 0.032500
0 0.523750 0.411250 0.032500 0.037500
0 0.631250 0.447500 0.027500 0.035000
0 0.663750 0.471250 0.017500 0.017500
0 0.677500 0.513750 0.015000 0.012500
0 0.638750 0.413750 0.027500 0.032500
0 0.591250 0.358750 0.047500 0.052500
0 0.628750 0.320000 0.032500 0.035000
0 0.722500 0.401250 0.025000 0.032500
0 0.752500 0.465000 0.020000 0.025000
0 0.771250 0.505000 0.012500 0.015000
0 0.872500 0.577500 0.015000 0.020000
0 0.832500 0.533750 0.030000 0.032500
0 0.821250 0.461250 0.032500 0.037500
0 0.905000 0.530000 0.015000 0.020000
0 0.887500 0.490000 0.035000 0.040000
0 0.728750 0.351250 0.022500 0.017500
0 0.775000 0.322500 0.030000 0.030000
0 0.808750 0.317500 0.027500 0.030000
0 0.691250 0.266250 0.037500 0.042500
0 0.625000 0.191250 0.025000 0.037500
0 0.787500 0.243750 0.025000 0.032500
0 0.762500 0.212500 0.030000 0.030000
0 0.698750 0.160000 0.032500 0.040000
0 0.745000 0.135000 0.025000 0.015000
0 0.763750 0.152500 0.022500 0.015000
0 0.970000 0.538750 0.025000 0.032500
0 0.968750 0.477500 0.012500 0.015000
0 0.901250 0.347500 0.017500 0.025000
0 0.960000 0.298750 0.030000 0.042500
0 0.901250 0.262500 0.022500 0.020000
0 0.898750 0.203750 0.032500 0.032500
0 0.777500 0.068750 0.040000 0.052500
0 0.831250 0.115000 0.032500 0.035000
0 0.863750 0.157500 0.022500 0.015000
0 0.933750 0.162500 0.012500 0.020000
0 0.053750 0.570000 0.027500 0.030000
