0 0.901250 0.893750 0.017500 0.017500
0 0.920000 0.938750 0.015000 0.017500
0 0.928750 0.947500 0.012500 0.015000
0 0.948750 0.940000 0.017500 0.015000
0 0.977500 0.943750 0.020000 0.017500
0 0.981250 0.927500 0.017500 0.010000
0 0.956250 0.923750 0.017500 0.012500
0 0.967500 0.856250 0.015000 0.012500
0 0.982500 0.843750 0.010000 0.012500
0 0.958750 0.846250 0.012500 0.012500
0 0.945000 0.822500 0.015000 0.010000
0 0.928750 0.820000 0.017500 0.010000
0 0.941250 0.815000 0.012500 0.010000
0 0.971250 0.897500 0.017500 0.015000
0 0.986250 0.900000 0.012500 0.015000
