0 0.898750 0.786250 0.012500 0.017500
0 0.930000 0.781250 0.015000 0.017500
0 0.900000 0.843750 0.015000 0.017500
0 0.938750 0.835000 0.012500 0.015000
0 0.975000 0.870000 0.015000 0.015000
0 0.987500 0.895000 0.010000 0.020000
0 0.947500 0.911250 0.015000 0.017500
0 0.992500 0.953750 0.015000 0.022500
0 0.850000 0.873750 0.015000 0.012500
0 0.812500 0.866250 0.010000 0.012500
0 0.815000 0.882500 0.010000 0.015000
0 0.828750 0.912500 0.012500 0.015000
0 0.843750 0.927500 0.017500 0.015000
0 0.786250 0.928750 0.012500 0.017500
0 0.756250 0.957500 0.017500 0.015000
0 0.737500 0.981250 0.030000 0.012500
0 0.707500 0.987500 0.015000 0.015000
0 0.761250 0.916250 0.017500 0.017500
0 0.736250 0.900000 0.012500 0.015000
0 0.790000 0.877500 0.015000 0.020000
0 0.762500 0.847500 0.015000 0.015000
