0 0.673750 0.796250 0.012500 0.017500
0 0.686250 0.798750 0.012500 0.012500
0 0.692500 0.791250 0.015000 0.012500
0 0.695000 0.803750 0.015000 0.012500
0 0.690000 0.832500 0.015000 0.015000
0 0.707500 0.862500 0.015000 0.015000
0 0.662500 0.758750 0.010000 0.017500
0 0.678750 0.767500 0.012500 0.010000
0 0.712500 0.843750 0.010000 0.012500
0 0.712500 0.826250 0.015000 0.012500
0 0.786250 0.866250 0.012500 0.012500
0 0.832500 0.947500 0.020000 0.015000
0 0.855000 0.947500 0.015000 0.015000
0 0.847500 0.958750 0.010000 0.012500
0 0.838750 0.961250 0.012500 0.012500
0 0.741250 0.718750 0.017500 0.012500
