1 0.137500 0.042500 0.010000 0.010000
1 0.147500 0.006250 0.015000 0.007500
1 0.108750 0.015000 0.012500 0.015000
1 0.027500 0.072500 0.010000 0.015000
1 0.055000 0.152500 0.015000 0.010000
1 0.046250 0.158750 0.012500 0.012500
1 0.025000 0.168750 0.015000 0.012500
1 0.013750 0.167500 0.012500 0.015000
1 0.008750 0.178750 0.012500 0.012500
1 0.058750 0.256250 0.012500 0.012500
1 0.146250 0.296250 0.012500 0.012500
1 0.197500 0.320000 0.015000 0.015000
1 0.321250 0.336250 0.017500 0.012500
1 0.196250 0.352500 0.012500 0.010000
1 0.127500 0.778750 0.015000 0.012500
1 0.043750 0.605000 0.017500 0.015000
1 0.017500 0.538750 0.015000 0.017500
