1 0.996250 0.828750 0.007500 0.012500
1 0.947500 0.772500 0.015000 0.015000
1 0.915000 0.757500 0.010000 0.015000
1 0.903750 0.726250 0.017500 0.012500
1 0.931250 0.718750 0.012500 0.012500
1 0.965000 0.728750 0.015000 0.012500
1 0.970000 0.515000 0.010000 0.015000
1 0.953750 0.501250 0.012500 0.017500
1 0.902500 0.502500 0.015000 0.015000
1 0.921250 0.450000 0.012500 0.015000
1 0.960000 0.425000 0.015000 0.015000
1 0.691250 0.390000 0.017500 0.010000
1 0.671250 0.411250 0.012500 0.012500
1 0.670000 0.390000 0.010000 0.010000
1 0.656250 0.391250 0.017500 0.012500
1 0.646250 0.381250 0.012500 0.012500
1 0.632500 0.385000 0.010000 0.010000
1 0.625000 0.381250 0.015000 0.012500
1 0.608750 0.373750 0.012500 0.012500
1 0.597500 0.362500 0.015000 0.010000
1 0.705000 0.371250 0.010000 0.012500
1 0.695000 0.361250 0.015000 0.012500
1 0.667500 0.357500 0.010000 0.010000
1 0.671250 0.353750 0.012500 0.012500
1 0.690000 0.346250 0.015000 0.012500
1 0.701250 0.335000 0.012500 0.010000
1 0.783750 0.382500 0.012500 0.010000
1 0.801250 0.382500 0.017500 0.010000
1 0.801250 0.371250 0.012500 0.012500
1 0.791250 0.360000 0.012500 0.015000
1 0.762500 0.333750 0.020000 0.012500
1 0.743750 0.318750 0.012500 0.012500
1 0.565000 0.283750 0.015000 0.012500
1 0.610000 0.252500 0.015000 0.015000
1 0.838750 0.392500 0.012500 0.015000
1 0.823750 0.375000 0.012500 0.010000
1 0.821250 0.366250 0.012500 0.012500
1 0.870000 0.367500 0.010000 0.010000
1 0.853750 0.367500 0.012500 0.015000
1 0.833750 0.362500 0.012500 0.010000
1 0.846250 0.360000 0.012500 0.010000
1 0.867500 0.348750 0.010000 0.012500
1 0.863750 0.338750 0.012500 0.012500
1 0.891250 0.337500 0.012500 0.015000
1 0.911250 0.336250 0.012500 0.012500
1 0.928750 0.285000 0.017500 0.015000
1 0.836250 0.317500 0.007500 0.015000
1 0.843750 0.305000 0.012500 0.010000
1 0.813750 0.316250 0.012500 0.012500
1 0.816250 0.295000 0.012500 0.015000
1 0.782500 0.278750 0.015000 0.007500
1 0.792500 0.283750 0.010000 0.012500
1 0.800000 0.301250 0.015000 0.012500
1 0.780000 0.320000 0.010000 0.010000
1 0.876250 0.265000 0.012500 0.015000
1 0.857500 0.258750 0.010000 0.012500
1 0.831250 0.216250 0.017500 0.012500
1 0.986250 0.245000 0.012500 0.010000
1 0.986250 0.251250 0.012500 0.012500
1 0.945000 0.225000 0.010000 0.010000
1 0.928750 0.223750 0.012500 0.012500
1 0.913750 0.207500 0.017500 0.015000
1 0.893750 0.190000 0.012500 0.015000
1 0.916250 0.178750 0.012500 0.017500
1 0.926250 0.178750 0.012500 0.012500
1 0.875000 0.147500 0.010000 0.010000
1 0.861250 0.146250 0.012500 0.017500
1 0.888750 0.110000 0.007500 0.010000
1 0.885000 0.102500 0.010000 0.010000
1 0.965000 0.072500 0.015000 0.020000
1 0.733750 0.171250 0.012500 0.017500
1 0.746250 0.152500 0.012500 0.010000
1 0.782500 0.148750 0.015000 0.012500
1 0.777500 0.121250 0.015000 0.007500
1 0.748750 0.115000 0.012500 0.015000
1 0.733750 0.101250 0.012500 0.012500
1 0.718750 0.112500 0.012500 0.015000
1 0.698750 0.140000 0.012500 0.010000
1 0.587500 0.155000 0.015000 0.015000
1 0.588750 0.070000 0.012500 0.015000
1 0.640000 0.042500 0.010000 0.010000
1 0.647500 0.037500 0.010000 0.010000
1 0.645000 0.032500 0.010000 0.010000
1 0.901250 0.058750 0.012500 0.012500
1 0.883750 0.058750 0.012500 0.012500
1 0.883750 0.025000 0.012500 0.015000
1 0.883750 0.008750 0.017500 0.012500
1 0.793750 0.028750 0.012500 0.012500
1 0.753750 0.036250 0.012500 0.007500
1 0.753750 0.031250 0.012500 0.007500
1 0.745000 0.010000 0.010000 0.010000
1 0.665000 0.006250 0.010000 0.007500
1 0.491250 0.132500 0.012500 0.015000
