1 0.863750 0.366250 0.012500 0.017500
1 0.875000 0.366250 0.015000 0.017500
1 0.943750 0.356250 0.012500 0.012500
1 0.918750 0.336250 0.012500 0.012500
1 0.940000 0.333750 0.015000 0.012500
1 0.635000 0.753750 0.015000 0.017500
1 0.656250 0.742500 0.012500 0.010000
1 0.668750 0.731250 0.012500 0.017500
1 0.902500 0.758750 0.015000 0.017500
1 0.938750 0.766250 0.012500 0.012500
1 0.972500 0.707500 0.025000 0.020000
1 0.880000 0.703750 0.010000 0.012500
1 0.875000 0.691250 0.010000 0.012500
1 0.910000 0.668750 0.010000 0.012500
1 0.931250 0.657500 0.012500 0.010000
1 0.960000 0.645000 0.015000 0.010000
1 0.975000 0.613750 0.015000 0.012500
1 0.977500 0.605000 0.015000 0.010000
1 0.983750 0.596250 0.012500 0.012500
1 0.995000 0.587500 0.010000 0.010000
1 0.982500 0.573750 0.015000 0.012500
1 0.978750 0.558750 0.022500 0.017500
1 0.935000 0.311250 0.010000 0.012500
