1 0.385000 0.011250 0.015000 0.012500
1 0.351250 0.113750 0.012500 0.017500
1 0.377500 0.123750 0.015000 0.012500
1 0.357500 0.137500 0.010000 0.010000
1 0.400000 0.150000 0.015000 0.010000
1 0.370000 0.193750 0.010000 0.012500
1 0.500000 0.005000 0.010000 0.005000
1 0.525000 0.011250 0.010000 0.012500
1 0.506250 0.076250 0.012500 0.017500
1 0.511250 0.103750 0.012500 0.012500
1 0.517500 0.122500 0.015000 0.015000
1 0.516250 0.136250 0.012500 0.012500
1 0.538750 0.110000 0.007500 0.010000
1 0.471250 0.207500 0.012500 0.015000
1 0.535000 0.150000 0.010000 0.010000
1 0.552500 0.163750 0.010000 0.007500
1 0.558750 0.162500 0.012500 0.010000
1 0.650000 0.078750 0.010000 0.012500
1 0.663750 0.126250 0.012500 0.012500
1 0.691250 0.188750 0.017500 0.012500
1 0.695000 0.237500 0.015000 0.015000
1 0.798750 0.210000 0.012500 0.015000
1 0.690000 0.271250 0.010000 0.012500
1 0.698750 0.271250 0.007500 0.012500
1 0.768750 0.325000 0.012500 0.015000
1 0.790000 0.327500 0.015000 0.015000
1 0.827500 0.230000 0.010000 0.010000
1 0.833750 0.226250 0.012500 0.012500
1 0.877500 0.217500 0.015000 0.010000
1 0.433750 0.281250 0.012500 0.012500
1 0.447500 0.290000 0.015000 0.015000
1 0.433750 0.311250 0.012500 0.012500
1 0.436250 0.321250 0.012500 0.012500
1 0.458750 0.332500 0.012500 0.015000
1 0.460000 0.382500 0.010000 0.015000
1 0.473750 0.358750 0.012500 0.012500
1 0.466250 0.367500 0.012500 0.010000
1 0.457500 0.365000 0.010000 0.015000
1 0.513750 0.350000 0.012500 0.020000
1 0.503750 0.331250 0.012500 0.012500
1 0.511250 0.328750 0.012500 0.012500
1 0.525000 0.382500 0.010000 0.015000
1 0.532500 0.388750 0.010000 0.012500
1 0.412500 0.428750 0.010000 0.017500
1 0.470000 0.415000 0.010000 0.015000
1 0.482500 0.418750 0.010000 0.012500
1 0.580000 0.258750 0.010000 0.012500
1 0.602500 0.285000 0.015000 0.010000
1 0.613750 0.288750 0.012500 0.012500
1 0.658750 0.391250 0.012500 0.012500
1 0.637500 0.397500 0.010000 0.010000
1 0.602500 0.372500 0.015000 0.015000
1 0.605000 0.347500 0.015000 0.010000
1 0.546250 0.362500 0.012500 0.010000
1 0.556250 0.352500 0.007500 0.010000
1 0.560000 0.361250 0.010000 0.012500
1 0.786250 0.482500 0.012500 0.010000
1 0.765000 0.482500 0.015000 0.015000
1 0.757500 0.497500 0.015000 0.015000
1 0.886250 0.571250 0.012500 0.012500
1 0.853750 0.588750 0.017500 0.012500
1 0.698750 0.493750 0.012500 0.012500
1 0.715000 0.512500 0.010000 0.010000
1 0.681250 0.518750 0.017500 0.007500
1 0.680000 0.512500 0.015000 0.010000
1 0.655000 0.472500 0.015000 0.015000
1 0.596250 0.592500 0.012500 0.015000
1 0.587500 0.563750 0.010000 0.012500
1 0.591250 0.556250 0.012500 0.012500
1 0.565000 0.535000 0.015000 0.010000
1 0.552500 0.527500 0.010000 0.010000
1 0.536250 0.522500 0.012500 0.015000
1 0.585000 0.491250 0.015000 0.012500
1 0.653750 0.487500 0.007500 0.010000
1 0.646250 0.487500 0.007500 0.015000
1 0.586250 0.471250 0.017500 0.007500
1 0.586250 0.458750 0.012500 0.007500
1 0.580000 0.451250 0.010000 0.012500
1 0.533750 0.505000 0.012500 0.010000
1 0.536250 0.490000 0.012500 0.010000
1 0.656250 0.610000 0.012500 0.015000
1 0.558750 0.480000 0.012500 0.010000
1 0.548750 0.480000 0.012500 0.010000
1 0.547500 0.467500 0.010000 0.010000
1 0.548750 0.452500 0.007500 0.010000
1 0.543750 0.441250 0.007500 0.012500
1 0.555000 0.426250 0.020000 0.007500
1 0.523750 0.466250 0.017500 0.007500
1 0.523750 0.461250 0.012500 0.007500
1 0.533750 0.450000 0.007500 0.010000
1 0.523750 0.450000 0.012500 0.010000
1 0.738750 0.595000 0.012500 0.010000
1 0.475000 0.743750 0.015000 0.012500
1 0.468750 0.680000 0.007500 0.010000
1 0.490000 0.700000 0.010000 0.010000
1 0.507500 0.716250 0.010000 0.012500
1 0.500000 0.831250 0.010000 0.012500
1 0.507500 0.826250 0.010000 0.012500
1 0.573750 0.713750 0.012500 0.017500
1 0.577500 0.731250 0.010000 0.017500
1 0.622500 0.727500 0.010000 0.010000
1 0.690000 0.663750 0.015000 0.017500
1 0.713750 0.688750 0.012500 0.012500
1 0.772500 0.661250 0.015000 0.012500
1 0.798750 0.650000 0.012500 0.010000
1 0.807500 0.668750 0.010000 0.012500
1 0.817500 0.672500 0.010000 0.015000
1 0.838750 0.687500 0.012500 0.015000
1 0.865000 0.676250 0.010000 0.012500
1 0.925000 0.746250 0.020000 0.012500
1 0.950000 0.731250 0.010000 0.012500
1 0.797500 0.717500 0.015000 0.010000
1 0.736250 0.735000 0.012500 0.010000
1 0.748750 0.741250 0.012500 0.012500
1 0.726250 0.760000 0.012500 0.010000
1 0.760000 0.771250 0.015000 0.012500
1 0.760000 0.760000 0.010000 0.010000
1 0.788750 0.780000 0.007500 0.010000
1 0.785000 0.772500 0.010000 0.010000
1 0.606250 0.823750 0.012500 0.012500
1 0.576250 0.901250 0.012500 0.017500
1 0.605000 0.930000 0.010000 0.010000
1 0.730000 0.847500 0.010000 0.010000
1 0.726250 0.828750 0.012500 0.012500
1 0.738750 0.817500 0.012500 0.010000
1 0.828750 0.825000 0.012500 0.010000
1 0.833750 0.840000 0.012500 0.010000
1 0.801250 0.885000 0.012500 0.010000
1 0.665000 0.971250 0.010000 0.012500
1 0.630000 0.953750 0.010000 0.012500
1 0.637500 0.971250 0.015000 0.012500
1 0.633750 0.995000 0.012500 0.010000
1 0.635000 0.987500 0.015000 0.010000
1 0.747500 0.992500 0.010000 0.015000
1 0.782500 0.991250 0.015000 0.007500
1 0.735000 0.956250 0.015000 0.012500
1 0.738750 0.918750 0.012500 0.012500
1 0.712500 0.898750 0.015000 0.012500
1 0.910000 0.977500 0.015000 0.010000
1 0.898750 0.971250 0.012500 0.012500
1 0.971250 0.980000 0.017500 0.015000
1 0.902500 0.876250 0.010000 0.017500
1 0.918750 0.876250 0.012500 0.012500
1 0.917500 0.837500 0.010000 0.010000
