1 0.157500 0.058750 0.015000 0.012500
1 0.082500 0.082500 0.015000 0.015000
1 0.053750 0.097500 0.012500 0.015000
1 0.033750 0.097500 0.017500 0.010000
1 0.120000 0.145000 0.015000 0.015000
1 0.152500 0.142500 0.010000 0.015000
1 0.328750 0.153750 0.007500 0.012500
1 0.342500 0.146250 0.010000 0.017500
1 0.346250 0.207500 0.012500 0.010000
1 0.318750 0.188750 0.012500 0.012500
1 0.282500 0.217500 0.010000 0.015000
1 0.292500 0.258750 0.010000 0.012500
1 0.205000 0.248750 0.015000 0.017500
1 0.201250 0.265000 0.012500 0.015000
1 0.065000 0.211250 0.010000 0.012500
1 0.050000 0.211250 0.010000 0.017500
1 0.033750 0.152500 0.012500 0.010000
1 0.037500 0.138750 0.015000 0.012500
1 0.037500 0.127500 0.015000 0.010000
1 0.015000 0.180000 0.010000 0.010000
1 0.010000 0.177500 0.015000 0.010000
1 0.011250 0.170000 0.012500 0.010000
1 0.015000 0.337500 0.010000 0.010000
1 0.016250 0.328750 0.012500 0.012500
1 0.012500 0.305000 0.010000 0.015000
1 0.012500 0.290000 0.010000 0.010000
1 0.031250 0.267500 0.012500 0.010000
1 0.026250 0.252500 0.012500 0.010000
1 0.058750 0.311250 0.012500 0.012500
1 0.086250 0.311250 0.012500 0.012500
1 0.083750 0.286250 0.012500 0.012500
1 0.098750 0.273750 0.012500 0.012500
1 0.113750 0.253750 0.012500 0.017500
1 0.102500 0.300000 0.010000 0.010000
1 0.112500 0.316250 0.010000 0.012500
1 0.411250 0.317500 0.012500 0.015000
1 0.420000 0.312500 0.010000 0.010000
1 0.437500 0.325000 0.010000 0.015000
1 0.445000 0.322500 0.010000 0.015000
1 0.283750 0.398750 0.017500 0.012500
1 0.152500 0.452500 0.010000 0.015000
1 0.272500 0.568750 0.010000 0.012500
1 0.295000 0.550000 0.015000 0.015000
1 0.050000 0.680000 0.015000 0.010000
1 0.038750 0.661250 0.012500 0.012500
1 0.115000 0.595000 0.015000 0.010000
1 0.108750 0.575000 0.012500 0.010000
1 0.090000 0.572500 0.010000 0.010000
1 0.088750 0.561250 0.012500 0.012500
1 0.005000 0.565000 0.005000 0.015000
1 0.057500 0.552500 0.010000 0.010000
1 0.068750 0.543750 0.012500 0.012500
1 0.047500 0.515000 0.015000 0.010000
1 0.042500 0.506250 0.010000 0.012500
1 0.068750 0.500000 0.012500 0.010000
1 0.215000 0.637500 0.015000 0.015000
1 0.218750 0.653750 0.012500 0.012500
1 0.236250 0.662500 0.012500 0.015000
1 0.471250 0.508750 0.012500 0.012500
1 0.483750 0.505000 0.012500 0.010000
1 0.276250 0.710000 0.012500 0.015000
1 0.205000 0.693750 0.020000 0.012500
1 0.222500 0.695000 0.015000 0.010000
1 0.288750 0.735000 0.017500 0.015000
1 0.308750 0.826250 0.012500 0.012500
1 0.313750 0.840000 0.012500 0.015000
1 0.321250 0.862500 0.012500 0.015000
1 0.327500 0.880000 0.010000 0.010000
1 0.330000 0.896250 0.010000 0.012500
1 0.413750 0.917500 0.017500 0.015000
1 0.517500 0.548750 0.010000 0.012500
1 0.506250 0.666250 0.012500 0.012500
1 0.523750 0.681250 0.012500 0.017500
1 0.680000 0.918750 0.010000 0.012500
1 0.673750 0.973750 0.012500 0.017500
1 0.365000 0.965000 0.010000 0.015000
1 0.442500 0.956250 0.010000 0.012500
1 0.455000 0.966250 0.010000 0.012500
1 0.460000 0.960000 0.010000 0.015000
1 0.526250 0.872500 0.012500 0.010000
1 0.518750 0.863750 0.017500 0.012500
1 0.516250 0.972500 0.017500 0.015000
1 0.513750 0.943750 0.012500 0.012500
