1 0.130000 0.273750 0.010000 0.012500
1 0.088750 0.233750 0.012500 0.012500
1 0.052500 0.132500 0.020000 0.015000
1 0.046250 0.062500 0.012500 0.010000
1 0.136250 0.031250 0.017500 0.012500
1 0.213750 0.046250 0.012500 0.012500
1 0.188750 0.042500 0.012500 0.010000
1 0.185000 0.033750 0.015000 0.012500
1 0.217500 0.007500 0.020000 0.010000
1 0.602500 0.381250 0.010000 0.012500
1 0.602500 0.365000 0.010000 0.015000
1 0.217500 0.497500 0.010000 0.010000
1 0.347500 0.440000 0.010000 0.010000
1 0.491250 0.433750 0.012500 0.012500
1 0.195000 0.548750 0.015000 0.012500
