1 0.910000 0.705000 0.015000 0.015000
1 0.870000 0.681250 0.015000 0.017500
1 0.766250 0.662500 0.017500 0.015000
1 0.750000 0.645000 0.015000 0.020000
1 0.712500 0.673750 0.015000 0.022500
1 0.691250 0.660000 0.012500 0.020000
1 0.855000 0.362500 0.015000 0.015000
1 0.752500 0.381250 0.015000 0.012500
1 0.720000 0.385000 0.015000 0.015000
1 0.830000 0.337500 0.015000 0.015000
1 0.637500 0.410000 0.015000 0.015000
1 0.587500 0.345000 0.015000 0.015000
1 0.698750 0.341250 0.012500 0.012500
1 0.727500 0.343750 0.015000 0.012500
1 0.756250 0.308750 0.012500 0.012500
1 0.733750 0.318750 0.012500 0.012500
1 0.716250 0.311250 0.012500 0.012500
1 0.788750 0.272500 0.012500 0.015000
1 0.705000 0.300000 0.015000 0.010000
1 0.676250 0.297500 0.017500 0.010000
1 0.708750 0.268750 0.012500 0.017500
1 0.577500 0.295000 0.015000 0.015000
1 0.596250 0.293750 0.017500 0.012500
1 0.652500 0.257500 0.015000 0.010000
1 0.598750 0.263750 0.017500 0.017500
1 0.620000 0.243750 0.020000 0.012500
1 0.577500 0.241250 0.015000 0.012500
1 0.557500 0.230000 0.015000 0.015000
1 0.590000 0.225000 0.020000 0.015000
1 0.701250 0.226250 0.017500 0.017500
1 0.802500 0.237500 0.015000 0.015000
1 0.818750 0.232500 0.017500 0.015000
1 0.887500 0.217500 0.015000 0.015000
1 0.843750 0.208750 0.017500 0.017500
1 0.793750 0.207500 0.012500 0.010000
1 0.780000 0.211250 0.015000 0.012500
1 0.806250 0.185000 0.017500 0.015000
1 0.873750 0.187500 0.017500 0.015000
1 0.920000 0.187500 0.010000 0.015000
1 0.931250 0.183750 0.012500 0.017500
1 0.642500 0.191250 0.015000 0.012500
1 0.617500 0.191250 0.015000 0.012500
1 0.582500 0.183750 0.015000 0.012500
1 0.531250 0.195000 0.012500 0.015000
1 0.555000 0.147500 0.015000 0.015000
1 0.601250 0.170000 0.012500 0.015000
1 0.645000 0.163750 0.015000 0.012500
1 0.840000 0.172500 0.015000 0.015000
1 0.752500 0.150000 0.015000 0.015000
1 0.747500 0.107500 0.015000 0.015000
1 0.823750 0.133750 0.012500 0.012500
1 0.895000 0.140000 0.015000 0.015000
1 0.913750 0.162500 0.012500 0.015000
1 0.931250 0.150000 0.017500 0.015000
1 0.850000 0.098750 0.015000 0.012500
1 0.878750 0.085000 0.012500 0.015000
1 0.628750 0.065000 0.012500 0.015000
1 0.693750 0.058750 0.012500 0.017500
1 0.691250 0.041250 0.012500 0.012500
1 0.725000 0.028750 0.015000 0.012500
1 0.768750 0.047500 0.012500 0.015000
1 0.768750 0.022500 0.012500 0.010000
1 0.827500 0.031250 0.015000 0.012500
1 0.868750 0.018750 0.012500 0.012500
1 0.838750 0.018750 0.012500 0.012500
1 0.828750 0.021250 0.012500 0.012500
1 0.808750 0.007500 0.012500 0.010000
1 0.793750 0.010000 0.007500 0.015000
1 0.783750 0.007500 0.012500 0.010000
