1 0.058750 0.528750 0.017500 0.017500
1 0.042500 0.485000 0.015000 0.025000
1 0.037500 0.458750 0.015000 0.017500
1 0.041250 0.402500 0.012500 0.015000
1 0.208750 0.286250 0.012500 0.017500
1 0.136250 0.273750 0.017500 0.022500
1 0.108750 0.232500 0.012500 0.015000
1 0.053750 0.253750 0.017500 0.017500
1 0.041250 0.240000 0.012500 0.015000
1 0.028750 0.196250 0.012500 0.017500
1 0.071250 0.042500 0.017500 0.015000
1 0.142500 0.050000 0.010000 0.015000
1 0.442500 0.193750 0.015000 0.017500
1 0.421250 0.047500 0.012500 0.015000
1 0.352500 0.006250 0.010000 0.007500
1 0.460000 0.150000 0.015000 0.015000
1 0.471250 0.122500 0.017500 0.015000
1 0.601250 0.202500 0.012500 0.015000
1 0.741250 0.121250 0.017500 0.017500
1 0.792500 0.157500 0.015000 0.020000
1 0.778750 0.316250 0.017500 0.017500
1 0.803750 0.317500 0.017500 0.020000
1 0.811250 0.292500 0.017500 0.020000
1 0.808750 0.186250 0.017500 0.022500
1 0.827500 0.140000 0.015000 0.015000
1 0.861250 0.163750 0.017500 0.017500
1 0.872500 0.141250 0.015000 0.017500
1 0.905000 0.215000 0.015000 0.020000
1 0.930000 0.237500 0.015000 0.015000
1 0.946250 0.213750 0.012500 0.022500
1 0.960000 0.220000 0.015000 0.020000
