1 0.016250 0.937500 0.012500 0.015000
1 0.110000 0.896250 0.015000 0.012500
1 0.115000 0.745000 0.010000 0.015000
1 0.108750 0.720000 0.012500 0.015000
1 0.120000 0.680000 0.015000 0.010000
1 0.150000 0.765000 0.010000 0.020000
1 0.163750 0.818750 0.012500 0.017500
1 0.202500 0.833750 0.015000 0.012500
1 0.281250 0.665000 0.012500 0.015000
1 0.328750 0.862500 0.017500 0.015000
1 0.417500 0.941250 0.015000 0.012500
1 0.443750 0.742500 0.017500 0.015000
1 0.575000 0.927500 0.015000 0.015000
1 0.942500 0.617500 0.015000 0.015000
1 0.820000 0.595000 0.015000 0.010000
