1 0.708750 0.678750 0.012500 0.012500
1 0.551250 0.680000 0.017500 0.015000
1 0.520000 0.622500 0.015000 0.015000
1 0.467500 0.620000 0.015000 0.015000
1 0.833750 0.312500 0.012500 0.015000
1 0.985000 0.246250 0.015000 0.012500
1 0.933750 0.118750 0.017500 0.017500
1 0.870000 0.065000 0.015000 0.015000
1 0.753750 0.110000 0.012500 0.015000
1 0.617500 0.137500 0.015000 0.015000
1 0.571250 0.202500 0.012500 0.015000
1 0.631250 0.030000 0.017500 0.015000
1 0.528750 0.245000 0.017500 0.015000
1 0.498750 0.058750 0.012500 0.012500
1 0.427500 0.201250 0.015000 0.012500
1 0.413750 0.360000 0.012500 0.015000
1 0.177500 0.348750 0.015000 0.012500
1 0.197500 0.310000 0.015000 0.015000
1 0.198750 0.251250 0.012500 0.017500
1 0.286250 0.492500 0.012500 0.015000
1 0.378750 0.431250 0.017500 0.012500
