1 0.190000 0.005000 0.015000 0.005000
1 0.018750 0.105000 0.012500 0.015000
1 0.078750 0.128750 0.012500 0.012500
1 0.008750 0.213750 0.012500 0.012500
1 0.011250 0.276250 0.012500 0.012500
1 0.122500 0.266250 0.015000 0.012500
1 0.125000 0.246250 0.010000 0.012500
1 0.226250 0.180000 0.012500 0.015000
1 0.280000 0.140000 0.010000 0.015000
1 0.341250 0.150000 0.012500 0.015000
1 0.377500 0.166250 0.015000 0.012500
1 0.465000 0.091250 0.015000 0.012500
1 0.438750 0.252500 0.012500 0.015000
1 0.583750 0.103750 0.012500 0.012500
1 0.672500 0.087500 0.010000 0.015000
1 0.420000 0.435000 0.010000 0.015000
1 0.396250 0.396250 0.012500 0.012500
1 0.363750 0.380000 0.012500 0.015000
