0 0.308750 0.533750 0.022500 0.037500
0 0.290000 0.531250 0.020000 0.032500
0 0.272500 0.542500 0.020000 0.030000
0 0.253750 0.563750 0.022500 0.022500
0 0.326250 0.585000 0.022500 0.030000
0 0.303750 0.603750 0.022500 0.032500
0 0.216250 0.542500 0.017500 0.025000
0 0.193750 0.540000 0.017500 0.025000
0 0.195000 0.560000 0.020000 0.020000
0 0.193750 0.580000 0.017500 0.015000
0 0.210000 0.590000 0.020000 0.030000
0 0.237500 0.600000 0.020000 0.030000
0 0.323750 0.640000 0.022500 0.030000
0 0.331250 0.681250 0.022500 0.032500
0 0.335000 0.723750 0.020000 0.027500
0 0.262500 0.745000 0.020000 0.035000
0 0.200000 0.632500 0.020000 0.025000
0 0.203750 0.706250 0.027500 0.017500
0 0.197500 0.688750 0.020000 0.027500
0 0.217500 0.677500 0.020000 0.030000
0 0.205000 0.655000 0.030000 0.020000
0 0.083750 0.820000 0.017500 0.040000
0 0.287500 0.870000 0.020000 0.035000
0 0.326250 0.888750 0.037500 0.037500
