0 0.093750 0.291250 0.027500 0.022500
0 0.185000 0.423750 0.015000 0.032500
0 0.288750 0.451250 0.022500 0.027500
0 0.465000 0.470000 0.020000 0.025000
0 0.451250 0.515000 0.022500 0.025000
0 0.190000 0.535000 0.015000 0.030000
0 0.192500 0.596250 0.025000 0.027500
0 0.151250 0.636250 0.017500 0.027500
0 0.141250 0.672500 0.022500 0.030000
0 0.465000 0.585000 0.020000 0.025000
0 0.423750 0.625000 0.017500 0.025000
0 0.478750 0.626250 0.017500 0.027500
0 0.503750 0.678750 0.022500 0.027500
0 0.041250 0.728750 0.017500 0.022500
0 0.141250 0.856250 0.017500 0.022500
0 0.332500 0.808750 0.020000 0.022500
0 0.508750 0.821250 0.017500 0.032500
