0 0.695000 0.080000 0.035000 0.040000
0 0.841250 0.113750 0.022500 0.037500
0 0.870000 0.148750 0.025000 0.037500
0 0.812500 0.182500 0.025000 0.035000
0 0.690000 0.200000 0.030000 0.040000
0 0.623750 0.187500 0.027500 0.035000
0 0.910000 0.380000 0.025000 0.035000
0 0.590000 0.377500 0.025000 0.035000
0 0.626250 0.417500 0.022500 0.035000
0 0.591250 0.465000 0.027500 0.035000
0 0.763750 0.531250 0.032500 0.032500
0 0.623750 0.531250 0.027500 0.032500
0 0.583750 0.555000 0.027500 0.030000
0 0.475000 0.525000 0.025000 0.035000
0 0.573750 0.626250 0.027500 0.032500
0 0.487500 0.660000 0.025000 0.035000
0 0.578750 0.725000 0.027500 0.035000
0 0.505000 0.747500 0.030000 0.035000
0 0.378750 0.851250 0.027500 0.032500
0 0.260000 0.645000 0.025000 0.030000
0 0.190000 0.821250 0.025000 0.032500
0 0.150000 0.775000 0.025000 0.035000
0 0.103750 0.796250 0.027500 0.027500
0 0.011250 0.790000 0.017500 0.035000
0 0.051250 0.816250 0.022500 0.027500
0 0.080000 0.823750 0.025000 0.032500
0 0.066250 0.853750 0.027500 0.032500
0 0.060000 0.872500 0.025000 0.030000
0 0.366250 0.970000 0.027500 0.035000
