0 0.178750 0.128750 0.027500 0.022500
0 0.078750 0.168750 0.017500 0.017500
0 0.227500 0.156250 0.020000 0.027500
0 0.216250 0.165000 0.017500 0.025000
0 0.178750 0.187500 0.017500 0.025000
0 0.105000 0.233750 0.015000 0.017500
0 0.093750 0.251250 0.022500 0.022500
0 0.022500 0.270000 0.015000 0.015000
0 0.247500 0.293750 0.020000 0.027500
0 0.332500 0.270000 0.020000 0.025000
0 0.353750 0.308750 0.017500 0.022500
0 0.365000 0.333750 0.020000 0.027500
0 0.343750 0.362500 0.017500 0.025000
0 0.150000 0.323750 0.015000 0.017500
0 0.202500 0.390000 0.015000 0.020000
0 0.180000 0.386250 0.020000 0.027500
0 0.106250 0.375000 0.017500 0.020000
0 0.213750 0.307500 0.017500 0.025000
0 0.082500 0.397500 0.020000 0.020000
0 0.122500 0.402500 0.020000 0.015000
0 0.113750 0.417500 0.012500 0.020000
0 0.055000 0.427500 0.020000 0.025000
0 0.081250 0.428750 0.017500 0.017500
0 0.068750 0.450000 0.022500 0.025000
0 0.041250 0.497500 0.017500 0.015000
0 0.137500 0.486250 0.020000 0.017500
0 0.087500 0.516250 0.015000 0.017500
0 0.442500 0.531250 0.015000 0.017500
0 0.493750 0.570000 0.017500 0.015000
0 0.408750 0.561250 0.027500 0.027500
0 0.192500 0.618750 0.015000 0.017500
0 0.248750 0.625000 0.017500 0.020000
0 0.373750 0.623750 0.017500 0.027500
0 0.450000 0.633750 0.020000 0.027500
0 0.333750 0.642500 0.012500 0.025000
0 0.410000 0.678750 0.020000 0.017500
0 0.468750 0.692500 0.017500 0.020000
0 0.511250 0.708750 0.022500 0.027500
0 0.297500 0.576250 0.020000 0.022500
0 0.511250 0.771250 0.022500 0.022500
0 0.581250 0.767500 0.027500 0.030000
0 0.546250 0.816250 0.022500 0.037500
0 0.576250 0.813750 0.022500 0.032500
0 0.438750 0.861250 0.022500 0.027500
0 0.646250 0.502500 0.017500 0.025000
0 0.618750 0.531250 0.017500 0.017500
0 0.701250 0.585000 0.022500 0.025000
0 0.752500 0.857500 0.025000 0.025000
