0 0.345000 0.008750 0.015000 0.012500
0 0.383750 0.015000 0.012500 0.020000
0 0.418750 0.022500 0.012500 0.015000
0 0.448750 0.021250 0.007500 0.017500
0 0.491250 0.057500 0.012500 0.025000
0 0.363750 0.051250 0.012500 0.027500
0 0.247500 0.102500 0.010000 0.025000
0 0.216250 0.148750 0.012500 0.022500
0 0.277500 0.151250 0.015000 0.012500
0 0.353750 0.145000 0.012500 0.015000
0 0.286250 0.108750 0.012500 0.022500
0 0.288750 0.098750 0.012500 0.022500
0 0.395000 0.212500 0.010000 0.015000
0 0.183750 0.081250 0.012500 0.012500
0 0.181250 0.196250 0.012500 0.012500
0 0.190000 0.185000 0.015000 0.015000
0 0.198750 0.330000 0.012500 0.025000
0 0.443750 0.286250 0.012500 0.027500
0 0.471250 0.316250 0.017500 0.027500
0 0.426250 0.296250 0.012500 0.027500
0 0.386250 0.308750 0.012500 0.022500
0 0.355000 0.341250 0.020000 0.022500
0 0.335000 0.350000 0.010000 0.025000
0 0.235000 0.433750 0.015000 0.027500
0 0.235000 0.467500 0.010000 0.030000
0 0.193750 0.466250 0.007500 0.027500
0 0.200000 0.465000 0.010000 0.030000
0 0.357500 0.473750 0.010000 0.027500
0 0.387500 0.466250 0.010000 0.027500
0 0.403750 0.461250 0.012500 0.027500
0 0.167500 0.593750 0.015000 0.017500
0 0.146250 0.641250 0.012500 0.012500
0 0.573750 0.011250 0.012500 0.017500
0 0.176250 0.266250 0.012500 0.012500
