0 0.288750 0.323750 0.017500 0.012500
0 0.403750 0.242500 0.017500 0.010000
0 0.475000 0.260000 0.020000 0.010000
0 0.701250 0.163750 0.022500 0.012500
0 0.616250 0.191250 0.012500 0.007500
0 0.823750 0.138750 0.012500 0.007500
0 0.795000 0.375000 0.015000 0.010000
0 0.750000 0.408750 0.010000 0.007500
0 0.931250 0.468750 0.012500 0.012500
0 0.822500 0.495000 0.015000 0.015000
0 0.730000 0.467500 0.010000 0.010000
0 0.738750 0.436250 0.012500 0.007500
0 0.218750 0.460000 0.017500 0.010000
0 0.220000 0.535000 0.020000 0.010000
0 0.862500 0.792500 0.010000 0.010000
0 0.985000 0.925000 0.015000 0.010000
