0 0.210000 0.263750 0.025000 0.007500
0 0.606250 0.546250 0.032500 0.017500
0 0.587500 0.562500 0.015000 0.010000
0 0.606250 0.568750 0.017500 0.012500
0 0.968750 0.561250 0.012500 0.012500
0 0.940000 0.586250 0.015000 0.012500
0 0.918750 0.601250 0.012500 0.012500
0 0.745000 0.651250 0.015000 0.007500
0 0.951250 0.632500 0.012500 0.010000
0 0.198750 0.765000 0.012500 0.010000
0 0.023750 0.740000 0.012500 0.010000
0 0.012500 0.797500 0.010000 0.010000
0 0.051250 0.793750 0.012500 0.012500
0 0.048750 0.835000 0.012500 0.015000
0 0.156250 0.846250 0.012500 0.017500
0 0.217500 0.846250 0.010000 0.012500
0 0.165000 0.920000 0.020000 0.010000
0 0.036250 0.937500 0.012500 0.015000
