0 0.478750 0.476250 0.017500 0.012500
0 0.217500 0.761250 0.015000 0.012500
0 0.497500 0.538750 0.010000 0.012500
0 0.467500 0.577500 0.010000 0.010000
0 0.561250 0.572500 0.012500 0.010000
0 0.506250 0.585000 0.012500 0.010000
0 0.543750 0.611250 0.012500 0.012500
0 0.611250 0.651250 0.012500 0.012500
0 0.525000 0.663750 0.010000 0.012500
0 0.501250 0.656250 0.012500 0.012500
0 0.482500 0.568750 0.010000 0.012500
0 0.508750 0.608750 0.012500 0.012500
0 0.521250 0.621250 0.017500 0.012500
0 0.851250 0.946250 0.017500 0.012500
0 0.926250 0.968750 0.022500 0.007500
0 0.927500 0.986250 0.010000 0.012500
0 0.502500 0.835000 0.020000 0.010000
0 0.900000 0.992500 0.020000 0.010000
0 0.771250 0.990000 0.022500 0.010000
0 0.503750 0.916250 0.017500 0.012500
0 0.542500 0.940000 0.015000 0.010000
0 0.467500 0.986250 0.010000 0.017500
0 0.465000 0.970000 0.010000 0.010000
0 0.495000 0.945000 0.010000 0.015000
0 0.485000 0.903750 0.010000 0.012500
0 0.465000 0.921250 0.015000 0.012500
0 0.455000 0.905000 0.015000 0.015000
0 0.421250 0.897500 0.017500 0.010000
0 0.425000 0.945000 0.010000 0.010000
0 0.402500 0.992500 0.015000 0.010000
0 0.522500 0.997500 0.010000 0.005000
0 0.498750 0.992500 0.012500 0.015000
0 0.320000 0.993750 0.015000 0.012500
0 0.331250 0.986250 0.022500 0.007500
0 0.297500 0.970000 0.015000 0.010000
0 0.347500 0.967500 0.010000 0.015000
0 0.377500 0.950000 0.010000 0.015000
0 0.391250 0.941250 0.012500 0.012500
0 0.385000 0.896250 0.010000 0.012500
0 0.317500 0.911250 0.010000 0.012500
0 0.303750 0.945000 0.012500 0.010000
0 0.301250 0.933750 0.012500 0.012500
0 0.312500 0.923750 0.015000 0.012500
0 0.281250 0.897500 0.012500 0.015000
0 0.296250 0.847500 0.007500 0.015000
0 0.300000 0.818750 0.010000 0.017500
0 0.296250 0.786250 0.012500 0.012500
0 0.255000 0.778750 0.015000 0.012500
0 0.367500 0.708750 0.010000 0.012500
0 0.500000 0.785000 0.010000 0.010000
0 0.426250 0.727500 0.012500 0.010000
0 0.366250 0.761250 0.007500 0.012500
0 0.262500 0.901250 0.020000 0.012500
