0 0.965000 0.067500 0.015000 0.015000
0 0.978750 0.217500 0.012500 0.015000
0 0.911250 0.281250 0.012500 0.012500
0 0.806250 0.298750 0.012500 0.012500
0 0.736250 0.087500 0.012500 0.010000
0 0.836250 0.305000 0.012500 0.010000
0 0.865000 0.320000 0.010000 0.010000
0 0.818750 0.375000 0.012500 0.010000
0 0.630000 0.427500 0.015000 0.010000
0 0.695000 0.583750 0.015000 0.012500
0 0.651250 0.156250 0.012500 0.012500
0 0.857500 0.442500 0.010000 0.010000
0 0.906250 0.328750 0.012500 0.012500
0 0.790000 0.158750 0.015000 0.007500
