0 0.340000 0.062500 0.015000 0.010000
0 0.505000 0.163750 0.020000 0.012500
0 0.593750 0.181250 0.012500 0.012500
0 0.421250 0.063750 0.012500 0.012500
0 0.443750 0.038750 0.017500 0.012500
0 0.432500 0.055000 0.010000 0.010000
0 0.373750 0.033750 0.012500 0.017500
0 0.656250 0.052500 0.017500 0.010000
0 0.785000 0.055000 0.010000 0.010000
0 0.737500 0.071250 0.015000 0.012500
0 0.726250 0.073750 0.012500 0.012500
0 0.346250 0.013750 0.022500 0.012500
0 0.391250 0.020000 0.017500 0.010000
0 0.393750 0.026250 0.017500 0.012500
0 0.407500 0.007500 0.010000 0.010000
0 0.937500 0.015000 0.020000 0.020000
0 0.471250 0.143750 0.012500 0.012500
