1 0.276250 0.315000 0.012500 0.015000
1 0.277500 0.328750 0.010000 0.012500
1 0.297500 0.346250 0.015000 0.017500
1 0.282500 0.376250 0.010000 0.012500
1 0.340000 0.368750 0.010000 0.012500
1 0.351250 0.372500 0.012500 0.015000
1 0.371250 0.476250 0.007500 0.012500
1 0.365000 0.477500 0.010000 0.015000
1 0.420000 0.477500 0.015000 0.015000
1 0.517500 0.407500 0.015000 0.015000
1 0.502500 0.395000 0.015000 0.010000
1 0.500000 0.386250 0.015000 0.012500
1 0.486250 0.535000 0.012500 0.015000
1 0.448750 0.485000 0.012500 0.010000
1 0.440000 0.485000 0.010000 0.015000
1 0.517500 0.641250 0.015000 0.012500
1 0.513750 0.631250 0.012500 0.012500
1 0.500000 0.623750 0.015000 0.012500
1 0.473750 0.681250 0.012500 0.012500
1 0.481250 0.672500 0.012500 0.010000
1 0.437500 0.748750 0.015000 0.012500
1 0.506250 0.848750 0.012500 0.012500
1 0.495000 0.843750 0.010000 0.012500
1 0.506250 0.838750 0.012500 0.012500
1 0.738750 0.832500 0.012500 0.015000
1 0.915000 0.811250 0.020000 0.012500
