1 0.053750 0.043750 0.017500 0.017500
1 0.182500 0.168750 0.010000 0.012500
1 0.172500 0.173750 0.010000 0.022500
1 0.163750 0.107500 0.012500 0.015000
1 0.162500 0.093750 0.015000 0.012500
1 0.181250 0.088750 0.012500 0.012500
1 0.252500 0.007500 0.015000 0.010000
1 0.266250 0.180000 0.012500 0.015000
1 0.281250 0.188750 0.012500 0.012500
1 0.291250 0.175000 0.017500 0.015000
1 0.366250 0.163750 0.012500 0.012500
1 0.405000 0.187500 0.015000 0.015000
1 0.408750 0.176250 0.012500 0.012500
1 0.437500 0.263750 0.010000 0.012500
1 0.442500 0.251250 0.015000 0.012500
1 0.565000 0.031250 0.010000 0.012500
