1 0.560000 0.361250 0.015000 0.017500
1 0.643750 0.347500 0.012500 0.015000
1 0.756250 0.385000 0.017500 0.015000
1 0.711250 0.383750 0.017500 0.017500
1 0.642500 0.403750 0.015000 0.012500
1 0.645000 0.392500 0.015000 0.015000
1 0.725000 0.436250 0.020000 0.017500
1 0.781250 0.448750 0.012500 0.017500
1 0.731250 0.472500 0.017500 0.015000
1 0.746250 0.486250 0.012500 0.017500
1 0.732500 0.488750 0.015000 0.012500
1 0.585000 0.521250 0.015000 0.012500
1 0.533750 0.592500 0.012500 0.015000
1 0.565000 0.557500 0.015000 0.020000
1 0.612500 0.566250 0.010000 0.012500
1 0.615000 0.571250 0.010000 0.012500
1 0.652500 0.588750 0.015000 0.012500
1 0.578750 0.590000 0.012500 0.015000
1 0.587500 0.588750 0.010000 0.012500
1 0.595000 0.592500 0.010000 0.015000
1 0.616250 0.656250 0.012500 0.012500
1 0.840000 0.476250 0.015000 0.017500
1 0.882500 0.505000 0.010000 0.015000
1 0.892500 0.520000 0.015000 0.015000
1 0.927500 0.670000 0.015000 0.015000
1 0.921250 0.718750 0.012500 0.017500
1 0.698750 0.802500 0.012500 0.015000
1 0.708750 0.811250 0.012500 0.017500
