1 0.466250 0.032500 0.012500 0.015000
1 0.481250 0.041250 0.012500 0.012500
1 0.471250 0.045000 0.012500 0.015000
1 0.847500 0.056250 0.015000 0.012500
1 0.906250 0.070000 0.012500 0.015000
1 0.966250 0.098750 0.012500 0.012500
1 0.983750 0.071250 0.012500 0.012500
1 0.913750 0.112500 0.012500 0.015000
1 0.908750 0.127500 0.012500 0.015000
1 0.873750 0.161250 0.012500 0.012500
1 0.868750 0.268750 0.012500 0.012500
1 0.815000 0.253750 0.010000 0.012500
1 0.637500 0.556250 0.010000 0.012500
1 0.630000 0.571250 0.010000 0.012500
1 0.615000 0.567500 0.015000 0.015000
1 0.767500 0.603750 0.020000 0.012500
1 0.882500 0.632500 0.015000 0.015000
1 0.905000 0.641250 0.015000 0.012500
1 0.847500 0.678750 0.015000 0.012500
1 0.852500 0.710000 0.015000 0.015000
