1 0.266250 0.512500 0.012500 0.015000
1 0.148750 0.385000 0.017500 0.015000
1 0.161250 0.327500 0.017500 0.015000
1 0.435000 0.422500 0.015000 0.015000
1 0.403750 0.270000 0.012500 0.015000
1 0.418750 0.245000 0.012500 0.015000
1 0.802500 0.412500 0.015000 0.015000
1 0.843750 0.412500 0.012500 0.010000
1 0.867500 0.403750 0.015000 0.012500
1 0.868750 0.387500 0.012500 0.010000
1 0.891250 0.363750 0.012500 0.012500
1 0.817500 0.306250 0.020000 0.012500
1 0.883750 0.320000 0.017500 0.015000
1 0.776250 0.241250 0.012500 0.012500
1 0.777500 0.166250 0.010000 0.012500
1 0.791250 0.163750 0.012500 0.017500
1 0.817500 0.163750 0.010000 0.012500
1 0.882500 0.228750 0.015000 0.012500
1 0.915000 0.270000 0.010000 0.010000
1 0.911250 0.345000 0.012500 0.010000
1 0.905000 0.341250 0.010000 0.012500
1 0.965000 0.297500 0.010000 0.010000
1 0.976250 0.282500 0.017500 0.010000
1 0.907500 0.178750 0.015000 0.012500
1 0.910000 0.167500 0.010000 0.010000
1 0.917500 0.163750 0.010000 0.007500
1 0.912500 0.161250 0.010000 0.007500
1 0.913750 0.152500 0.012500 0.010000
1 0.912500 0.137500 0.015000 0.010000
1 0.967500 0.007500 0.015000 0.010000
1 0.951250 0.007500 0.012500 0.010000
