1 0.368750 0.073750 0.012500 0.012500
1 0.545000 0.277500 0.010000 0.010000
1 0.506250 0.407500 0.012500 0.010000
1 0.498750 0.472500 0.017500 0.015000
1 0.581250 0.420000 0.012500 0.015000
1 0.606250 0.398750 0.017500 0.012500
1 0.701250 0.616250 0.012500 0.017500
1 0.715000 0.601250 0.015000 0.012500
1 0.737500 0.505000 0.010000 0.010000
1 0.723750 0.436250 0.012500 0.012500
1 0.707500 0.410000 0.015000 0.015000
1 0.752500 0.428750 0.010000 0.012500
1 0.747500 0.416250 0.010000 0.012500
1 0.712500 0.390000 0.015000 0.015000
1 0.675000 0.387500 0.010000 0.015000
1 0.672500 0.345000 0.010000 0.010000
1 0.686250 0.361250 0.017500 0.012500
1 0.720000 0.325000 0.015000 0.015000
1 0.805000 0.263750 0.015000 0.012500
1 0.715000 0.375000 0.010000 0.010000
1 0.727500 0.385000 0.010000 0.010000
1 0.727500 0.377500 0.010000 0.010000
1 0.758750 0.190000 0.017500 0.010000
1 0.770000 0.181250 0.010000 0.012500
1 0.801250 0.332500 0.012500 0.015000
1 0.740000 0.325000 0.010000 0.010000
1 0.748750 0.323750 0.012500 0.012500
1 0.761250 0.323750 0.012500 0.012500
1 0.768750 0.333750 0.012500 0.012500
1 0.781250 0.330000 0.012500 0.010000
1 0.787500 0.337500 0.015000 0.010000
1 0.792500 0.356250 0.010000 0.012500
1 0.777500 0.348750 0.015000 0.012500
1 0.750000 0.362500 0.020000 0.015000
1 0.745000 0.381250 0.010000 0.012500
1 0.752500 0.375000 0.010000 0.015000
1 0.756250 0.348750 0.017500 0.012500
1 0.892500 0.167500 0.015000 0.015000
1 0.918750 0.175000 0.012500 0.015000
1 0.882500 0.133750 0.015000 0.017500
1 0.903750 0.123750 0.012500 0.017500
1 0.915000 0.123750 0.010000 0.012500
1 0.958750 0.082500 0.012500 0.015000
1 0.942500 0.096250 0.015000 0.007500
1 0.937500 0.108750 0.015000 0.012500
