1 0.460000 0.008750 0.015000 0.012500
1 0.661250 0.201250 0.007500 0.012500
1 0.668750 0.206250 0.012500 0.012500
1 0.820000 0.383750 0.015000 0.012500
1 0.900000 0.417500 0.010000 0.010000
1 0.905000 0.420000 0.010000 0.015000
1 0.920000 0.451250 0.010000 0.012500
1 0.921250 0.460000 0.012500 0.010000
1 0.142500 0.990000 0.010000 0.010000
1 0.135000 0.985000 0.010000 0.010000
1 0.081250 0.936250 0.007500 0.012500
1 0.073750 0.937500 0.007500 0.015000
1 0.023750 0.940000 0.012500 0.015000
1 0.033750 0.933750 0.012500 0.012500
1 0.012500 0.930000 0.010000 0.010000
1 0.005000 0.888750 0.005000 0.007500
1 0.012500 0.895000 0.010000 0.010000
1 0.021250 0.897500 0.012500 0.010000
