1 0.095000 0.867500 0.010000 0.010000
1 0.166250 0.908750 0.012500 0.007500
1 0.167500 0.898750 0.010000 0.012500
1 0.208750 0.816250 0.012500 0.007500
1 0.271250 0.980000 0.012500 0.010000
1 0.473750 0.796250 0.012500 0.012500
1 0.630000 0.860000 0.015000 0.010000
1 0.657500 0.855000 0.010000 0.015000
1 0.672500 0.865000 0.010000 0.010000
1 0.602500 0.763750 0.015000 0.012500
1 0.665000 0.697500 0.010000 0.010000
1 0.725000 0.857500 0.010000 0.010000
1 0.711250 0.865000 0.012500 0.010000
1 0.742500 0.876250 0.010000 0.007500
1 0.732500 0.881250 0.010000 0.007500
1 0.725000 0.883750 0.010000 0.007500
1 0.717500 0.896250 0.010000 0.012500
1 0.727500 0.913750 0.010000 0.012500
1 0.603750 0.826250 0.012500 0.012500
1 0.605000 0.815000 0.010000 0.010000
1 0.600000 0.807500 0.010000 0.010000
1 0.680000 0.828750 0.010000 0.012500
1 0.710000 0.913750 0.010000 0.012500
1 0.667500 0.817500 0.010000 0.010000
1 0.708750 0.780000 0.017500 0.010000
1 0.703750 0.948750 0.012500 0.012500
1 0.703750 0.968750 0.007500 0.012500
1 0.713750 0.947500 0.007500 0.015000
1 0.676250 0.880000 0.012500 0.010000
1 0.627500 0.886250 0.015000 0.012500
