1 0.220000 0.306250 0.010000 0.007500
1 0.226250 0.313750 0.012500 0.012500
1 0.246250 0.313750 0.017500 0.012500
1 0.086250 0.461250 0.012500 0.017500
1 0.077500 0.455000 0.010000 0.015000
1 0.633750 0.476250 0.017500 0.017500
1 0.255000 0.410000 0.010000 0.010000
1 0.325000 0.498750 0.010000 0.012500
1 0.391250 0.478750 0.012500 0.012500
1 0.591250 0.460000 0.012500 0.010000
1 0.875000 0.640000 0.015000 0.015000
1 0.891250 0.681250 0.017500 0.017500
1 0.906250 0.705000 0.012500 0.015000
1 0.860000 0.780000 0.015000 0.015000
1 0.876250 0.772500 0.012500 0.015000
1 0.833750 0.818750 0.012500 0.017500
1 0.952500 0.842500 0.010000 0.015000
1 0.957500 0.875000 0.015000 0.015000
1 0.913750 0.923750 0.012500 0.012500
1 0.992500 0.982500 0.015000 0.015000
