0 0.778750 0.147500 0.012500 0.015000
0 0.770000 0.178750 0.015000 0.017500
0 0.795000 0.218750 0.015000 0.017500
0 0.767500 0.208750 0.015000 0.017500
0 0.733750 0.215000 0.012500 0.025000
0 0.753750 0.231250 0.012500 0.017500
0 0.682500 0.396250 0.015000 0.017500
0 0.682500 0.481250 0.015000 0.017500
0 0.702500 0.517500 0.020000 0.015000
0 0.706250 0.535000 0.017500 0.015000
0 0.672500 0.567500 0.020000 0.020000
0 0.725000 0.603750 0.015000 0.017500
0 0.712500 0.562500 0.020000 0.010000
0 0.698750 0.606250 0.012500 0.022500
0 0.722500 0.628750 0.015000 0.022500
0 0.820000 0.657500 0.015000 0.015000
0 0.682500 0.672500 0.010000 0.025000
0 0.773750 0.687500 0.017500 0.015000
0 0.785000 0.706250 0.015000 0.017500
0 0.808750 0.715000 0.012500 0.025000
0 0.720000 0.725000 0.015000 0.030000
0 0.738750 0.720000 0.012500 0.015000
0 0.665000 0.761250 0.010000 0.032500
0 0.692500 0.783750 0.015000 0.022500
0 0.680000 0.792500 0.010000 0.020000
0 0.741250 0.791250 0.012500 0.022500
0 0.802500 0.831250 0.015000 0.017500
0 0.746250 0.830000 0.017500 0.030000
0 0.711250 0.853750 0.012500 0.022500
0 0.718750 0.886250 0.012500 0.017500
0 0.733750 0.891250 0.012500 0.017500
0 0.766250 0.896250 0.012500 0.017500
0 0.780000 0.865000 0.010000 0.020000
0 0.652500 0.938750 0.020000 0.022500
0 0.633750 0.967500 0.012500 0.020000
0 0.690000 0.957500 0.015000 0.010000
0 0.690000 0.971250 0.015000 0.017500
0 0.711250 0.982500 0.017500 0.015000
