1 0.461250 0.003750 0.012500 0.002500
1 0.368750 0.086250 0.012500 0.012500
1 0.490000 0.092500 0.010000 0.010000
1 0.391250 0.157500 0.012500 0.010000
1 0.550000 0.371250 0.015000 0.012500
1 0.592500 0.390000 0.015000 0.020000
1 0.503750 0.426250 0.017500 0.012500
1 0.523750 0.465000 0.012500 0.020000
1 0.515000 0.480000 0.015000 0.015000
1 0.492500 0.496250 0.015000 0.012500
1 0.482500 0.520000 0.010000 0.020000
1 0.432500 0.500000 0.015000 0.020000
1 0.441250 0.516250 0.012500 0.017500
1 0.313750 0.420000 0.007500 0.010000
1 0.301250 0.453750 0.012500 0.012500
1 0.291250 0.470000 0.017500 0.015000
1 0.281250 0.485000 0.007500 0.010000
1 0.228750 0.523750 0.012500 0.017500
1 0.186250 0.537500 0.012500 0.015000
1 0.153750 0.953750 0.012500 0.017500
1 0.135000 0.950000 0.010000 0.015000
1 0.152500 0.767500 0.010000 0.015000
1 0.155000 0.731250 0.015000 0.017500
1 0.327500 0.680000 0.015000 0.015000
1 0.306250 0.635000 0.012500 0.020000
