1 0.215000 0.188750 0.010000 0.012500
1 0.260000 0.226250 0.010000 0.012500
1 0.152500 0.303750 0.010000 0.012500
1 0.128750 0.311250 0.012500 0.012500
1 0.260000 0.391250 0.010000 0.012500
1 0.132500 0.357500 0.010000 0.015000
1 0.268750 0.445000 0.012500 0.015000
1 0.115000 0.398750 0.010000 0.012500
1 0.133750 0.476250 0.012500 0.012500
1 0.080000 0.470000 0.010000 0.015000
1 0.063750 0.478750 0.012500 0.012500
1 0.005000 0.416250 0.005000 0.012500
1 0.100000 0.418750 0.010000 0.012500
1 0.061250 0.628750 0.012500 0.012500
1 0.106250 0.705000 0.012500 0.010000
1 0.756250 0.837500 0.012500 0.010000
1 0.651250 0.656250 0.012500 0.012500
1 0.560000 0.630000 0.010000 0.015000
1 0.570000 0.620000 0.010000 0.010000
1 0.611250 0.590000 0.012500 0.015000
1 0.572500 0.547500 0.010000 0.010000
1 0.561250 0.501250 0.012500 0.012500
1 0.932500 0.506250 0.010000 0.017500
1 0.922500 0.510000 0.010000 0.015000
1 0.915000 0.482500 0.015000 0.015000
1 0.737500 0.336250 0.010000 0.012500
1 0.760000 0.241250 0.010000 0.012500
