1 0.585000 0.256250 0.015000 0.012500
1 0.557500 0.308750 0.010000 0.012500
1 0.541250 0.303750 0.012500 0.012500
1 0.456250 0.852500 0.012500 0.010000
1 0.462500 0.835000 0.010000 0.010000
1 0.525000 0.608750 0.010000 0.012500
1 0.542500 0.615000 0.010000 0.010000
1 0.637500 0.535000 0.015000 0.010000
1 0.686250 0.532500 0.012500 0.015000
1 0.833750 0.597500 0.012500 0.010000
1 0.952500 0.800000 0.010000 0.010000
1 0.767500 0.488750 0.010000 0.012500
1 0.560000 0.447500 0.015000 0.010000
1 0.526250 0.487500 0.007500 0.015000
1 0.526250 0.465000 0.007500 0.015000
1 0.513750 0.466250 0.012500 0.017500
1 0.500000 0.470000 0.010000 0.015000
1 0.467500 0.461250 0.010000 0.012500
