1 0.080000 0.245000 0.010000 0.010000
1 0.086250 0.238750 0.012500 0.012500
1 0.042500 0.361250 0.015000 0.012500
1 0.083750 0.350000 0.012500 0.010000
1 0.157500 0.383750 0.010000 0.012500
1 0.230000 0.401250 0.010000 0.012500
1 0.246250 0.410000 0.012500 0.010000
1 0.332500 0.575000 0.010000 0.015000
1 0.335000 0.530000 0.010000 0.015000
1 0.160000 0.520000 0.015000 0.015000
1 0.158750 0.497500 0.012500 0.010000
1 0.167500 0.473750 0.015000 0.012500
1 0.148750 0.462500 0.012500 0.010000
1 0.142500 0.457500 0.015000 0.010000
1 0.125000 0.463750 0.015000 0.012500
