1 0.273750 0.007500 0.017500 0.010000
1 0.271250 0.121250 0.032500 0.027500
1 0.213750 0.152500 0.027500 0.015000
1 0.197500 0.176250 0.040000 0.017500
1 0.200000 0.431250 0.020000 0.022500
1 0.222500 0.496250 0.020000 0.012500
1 0.213750 0.502500 0.022500 0.015000
1 0.243750 0.548750 0.027500 0.017500
1 0.222500 0.558750 0.015000 0.017500
1 0.132500 0.721250 0.035000 0.027500
1 0.925000 0.201250 0.035000 0.022500
1 0.912500 0.243750 0.025000 0.017500
2 0.827500 0.232500 0.040000 0.015000
2 0.758750 0.215000 0.027500 0.015000
2 0.735000 0.227500 0.025000 0.020000
2 0.692500 0.238750 0.040000 0.017500
2 0.732500 0.336250 0.020000 0.017500
