1 0.407500 0.093750 0.025000 0.017500
1 0.927500 0.380000 0.025000 0.015000
1 0.913750 0.388750 0.027500 0.022500
1 0.900000 0.406250 0.040000 0.022500
1 0.968750 0.475000 0.032500 0.020000
1 0.651250 0.588750 0.027500 0.017500
1 0.476250 0.546250 0.032500 0.017500
1 0.357500 0.670000 0.025000 0.025000
1 0.275000 0.562500 0.035000 0.025000
1 0.243750 0.702500 0.027500 0.015000
1 0.247500 0.733750 0.030000 0.017500
1 0.241250 0.788750 0.032500 0.022500
1 0.127500 0.670000 0.040000 0.020000
1 0.120000 0.688750 0.020000 0.017500
