0 0.107500 0.473750 0.015000 0.032500
0 0.126250 0.485000 0.017500 0.040000
0 0.167500 0.456250 0.015000 0.027500
0 0.037500 0.578750 0.015000 0.032500
0 0.060000 0.548750 0.015000 0.032500
0 0.080000 0.541250 0.015000 0.037500
0 0.102500 0.570000 0.015000 0.030000
0 0.105000 0.536250 0.010000 0.027500
0 0.127500 0.528750 0.015000 0.027500
0 0.138750 0.513750 0.012500 0.027500
0 0.151250 0.521250 0.012500 0.027500
0 0.178750 0.502500 0.012500 0.040000
0 0.201250 0.505000 0.012500 0.030000
0 0.213750 0.503750 0.012500 0.027500
0 0.345000 0.491250 0.020000 0.042500
0 0.242500 0.523750 0.010000 0.027500
0 0.212500 0.526250 0.010000 0.027500
0 0.117500 0.548750 0.010000 0.027500
0 0.128750 0.548750 0.007500 0.022500
0 0.282500 0.566250 0.015000 0.027500
0 0.270000 0.570000 0.010000 0.030000
0 0.353750 0.573750 0.012500 0.027500
0 0.287500 0.585000 0.015000 0.020000
0 0.288750 0.598750 0.012500 0.027500
0 0.290000 0.618750 0.010000 0.022500
0 0.162500 0.555000 0.010000 0.020000
0 0.060000 0.597500 0.010000 0.020000
0 0.047500 0.617500 0.010000 0.025000
0 0.007500 0.557500 0.010000 0.020000
0 0.150000 0.570000 0.010000 0.025000
0 0.202500 0.577500 0.010000 0.020000
0 0.221250 0.582500 0.012500 0.030000
0 0.225000 0.633750 0.015000 0.027500
0 0.247500 0.627500 0.010000 0.025000
0 0.253750 0.583750 0.012500 0.027500
0 0.176250 0.648750 0.007500 0.032500
0 0.150000 0.621250 0.010000 0.027500
0 0.156250 0.642500 0.012500 0.025000
0 0.130000 0.636250 0.010000 0.027500
0 0.096250 0.630000 0.012500 0.025000
0 0.120000 0.656250 0.015000 0.027500
0 0.147500 0.668750 0.015000 0.022500
0 0.038750 0.682500 0.017500 0.030000
0 0.070000 0.612500 0.015000 0.030000
0 0.060000 0.637500 0.015000 0.025000
0 0.330000 0.688750 0.025000 0.047500
0 0.395000 0.640000 0.015000 0.055000
0 0.450000 0.526250 0.010000 0.032500
0 0.466250 0.673750 0.007500 0.042500
0 0.522500 0.778750 0.010000 0.032500
0 0.185000 0.593750 0.015000 0.027500
0 0.196250 0.622500 0.012500 0.030000
0 0.290000 0.642500 0.015000 0.030000
