0 0.255000 0.465000 0.015000 0.040000
0 0.261250 0.520000 0.022500 0.060000
0 0.317500 0.527500 0.010000 0.045000
0 0.325000 0.522500 0.015000 0.050000
0 0.191250 0.587500 0.017500 0.045000
0 0.160000 0.620000 0.015000 0.045000
0 0.161250 0.566250 0.012500 0.037500
0 0.056250 0.763750 0.012500 0.032500
0 0.158750 0.687500 0.012500 0.040000
0 0.206250 0.682500 0.022500 0.050000
0 0.182500 0.807500 0.015000 0.040000
0 0.232500 0.766250 0.015000 0.042500
0 0.561250 0.596250 0.017500 0.047500
0 0.326250 0.617500 0.012500 0.050000
0 0.527500 0.647500 0.020000 0.050000
0 0.540000 0.692500 0.020000 0.055000
0 0.463750 0.685000 0.017500 0.050000
0 0.507500 0.687500 0.010000 0.050000
0 0.533750 0.765000 0.017500 0.045000
0 0.420000 0.741250 0.015000 0.047500
0 0.270000 0.937500 0.025000 0.040000
0 0.413750 0.885000 0.017500 0.055000
0 0.437500 0.872500 0.015000 0.060000
0 0.366250 0.820000 0.017500 0.050000
