0 0.055000 0.035000 0.010000 0.045000
0 0.081250 0.037500 0.017500 0.050000
0 0.098750 0.110000 0.017500 0.065000
0 0.201250 0.077500 0.022500 0.070000
0 0.201250 0.136250 0.017500 0.057500
0 0.275000 0.182500 0.010000 0.065000
0 0.285000 0.182500 0.015000 0.065000
0 0.313750 0.160000 0.017500 0.060000
0 0.365000 0.167500 0.020000 0.065000
0 0.348750 0.208750 0.022500 0.067500
0 0.406250 0.212500 0.022500 0.065000
0 0.298750 0.296250 0.017500 0.067500
0 0.360000 0.381250 0.020000 0.057500
0 0.431250 0.358750 0.017500 0.052500
0 0.473750 0.357500 0.017500 0.055000
0 0.455000 0.246250 0.020000 0.057500
0 0.437500 0.255000 0.015000 0.065000
0 0.440000 0.298750 0.015000 0.042500
0 0.501250 0.225000 0.017500 0.065000
0 0.530000 0.260000 0.015000 0.070000
0 0.538750 0.240000 0.012500 0.055000
0 0.580000 0.303750 0.015000 0.057500
0 0.606250 0.373750 0.017500 0.057500
0 0.626250 0.332500 0.012500 0.060000
0 0.645000 0.420000 0.015000 0.055000
0 0.386250 0.502500 0.017500 0.060000
0 0.716250 0.517500 0.017500 0.060000
0 0.852500 0.553750 0.015000 0.057500
0 0.883750 0.582500 0.012500 0.050000
0 0.897500 0.630000 0.015000 0.055000
0 0.913750 0.647500 0.012500 0.050000
0 0.895000 0.698750 0.015000 0.052500
0 0.763750 0.763750 0.017500 0.042500
0 0.946250 0.671250 0.012500 0.042500
