0 0.132500 0.173750 0.060000 0.022500
0 0.072500 0.282500 0.040000 0.030000
0 0.171250 0.260000 0.042500 0.030000
0 0.278750 0.282500 0.022500 0.020000
0 0.460000 0.203750 0.025000 0.027500
0 0.366250 0.376250 0.022500 0.022500
0 0.467500 0.337500 0.030000 0.015000
0 0.430000 0.391250 0.020000 0.022500
0 0.038750 0.408750 0.052500 0.017500
0 0.277500 0.426250 0.050000 0.032500
0 0.435000 0.426250 0.020000 0.022500
0 0.457500 0.441250 0.020000 0.027500
0 0.466250 0.416250 0.027500 0.017500
0 0.498750 0.418750 0.017500 0.022500
0 0.621250 0.327500 0.047500 0.035000
0 0.543750 0.420000 0.022500 0.015000
0 0.537500 0.432500 0.030000 0.020000
0 0.526250 0.446250 0.027500 0.017500
0 0.558750 0.461250 0.017500 0.017500
0 0.555000 0.467500 0.035000 0.025000
0 0.552500 0.487500 0.045000 0.025000
0 0.390000 0.503750 0.045000 0.032500
0 0.120000 0.480000 0.045000 0.030000
0 0.246250 0.532500 0.027500 0.025000
0 0.082500 0.582500 0.055000 0.025000
0 0.040000 0.668750 0.050000 0.032500
0 0.181250 0.645000 0.027500 0.025000
0 0.217500 0.765000 0.025000 0.020000
0 0.543750 0.777500 0.047500 0.025000
0 0.638750 0.687500 0.042500 0.020000
0 0.516250 0.575000 0.032500 0.030000
0 0.723750 0.745000 0.042500 0.030000
0 0.781250 0.685000 0.017500 0.030000
0 0.861250 0.705000 0.052500 0.025000
0 0.737500 0.820000 0.030000 0.030000
0 0.748750 0.868750 0.027500 0.027500
0 0.876250 0.902500 0.032500 0.025000
0 0.766250 0.896250 0.032500 0.027500
0 0.730000 0.890000 0.025000 0.025000
0 0.662500 0.906250 0.045000 0.022500
0 0.621250 0.923750 0.027500 0.022500
0 0.723750 0.930000 0.027500 0.025000
0 0.722500 0.961250 0.025000 0.027500
0 0.781250 0.983750 0.062500 0.017500
0 0.411250 0.890000 0.047500 0.020000
