1 0.267500 0.108750 0.045000 0.017500
1 0.220000 0.135000 0.030000 0.025000
1 0.352500 0.415000 0.040000 0.015000
1 0.217500 0.831250 0.020000 0.022500
1 0.217500 0.852500 0.025000 0.020000
1 0.806250 0.973750 0.027500 0.017500
1 0.797500 0.913750 0.030000 0.017500
1 0.800000 0.728750 0.040000 0.022500
1 0.905000 0.737500 0.030000 0.015000
1 0.930000 0.661250 0.030000 0.022500
1 0.871250 0.592500 0.037500 0.020000
1 0.578750 0.468750 0.022500 0.017500
1 0.870000 0.133750 0.040000 0.022500
1 0.026250 0.371250 0.022500 0.017500
