1 0.193750 0.242500 0.037500 0.020000
1 0.430000 0.007500 0.030000 0.010000
1 0.486250 0.077500 0.022500 0.020000
1 0.823750 0.408750 0.027500 0.022500
1 0.773750 0.423750 0.027500 0.027500
1 0.876250 0.512500 0.032500 0.020000
1 0.856250 0.552500 0.022500 0.020000
1 0.913750 0.532500 0.027500 0.015000
1 0.628750 0.683750 0.022500 0.022500
1 0.798750 0.862500 0.037500 0.025000
1 0.813750 0.935000 0.027500 0.015000
1 0.828750 0.963750 0.022500 0.022500
1 0.090000 0.747500 0.030000 0.020000
1 0.085000 0.702500 0.045000 0.020000
