1 0.225000 0.105000 0.025000 0.020000
1 0.257500 0.095000 0.030000 0.020000
1 0.252500 0.075000 0.035000 0.015000
1 0.632500 0.027500 0.030000 0.015000
1 0.682500 0.210000 0.025000 0.020000
1 0.795000 0.257500 0.020000 0.020000
1 0.811250 0.242500 0.017500 0.020000
1 0.853750 0.243750 0.022500 0.022500
1 0.820000 0.713750 0.030000 0.022500
1 0.815000 0.741250 0.035000 0.022500
1 0.810000 0.780000 0.025000 0.025000
1 0.876250 0.865000 0.037500 0.030000
1 0.463750 0.911250 0.027500 0.012500
1 0.247500 0.981250 0.030000 0.027500
1 0.535000 0.477500 0.030000 0.020000
1 0.505000 0.491250 0.030000 0.027500
