1 0.038750 0.040000 0.032500 0.020000
1 0.286250 0.156250 0.042500 0.022500
1 0.523750 0.127500 0.032500 0.015000
1 0.655000 0.165000 0.030000 0.025000
1 0.562500 0.313750 0.035000 0.022500
1 0.793750 0.220000 0.027500 0.025000
1 0.788750 0.041250 0.032500 0.017500
1 0.781250 0.017500 0.022500 0.020000
1 0.798750 0.010000 0.037500 0.015000
1 0.945000 0.225000 0.025000 0.025000
1 0.948750 0.190000 0.032500 0.030000
1 0.548750 0.772500 0.032500 0.025000
1 0.428750 0.805000 0.047500 0.020000
1 0.431250 0.850000 0.032500 0.015000
1 0.448750 0.893750 0.037500 0.012500
1 0.411250 0.916250 0.027500 0.017500
1 0.441250 0.916250 0.027500 0.012500
1 0.036250 0.886250 0.037500 0.022500
1 0.130000 0.790000 0.040000 0.020000
1 0.151250 0.616250 0.032500 0.022500
