1 0.366250 0.036250 0.042500 0.017500
1 0.375000 0.072500 0.025000 0.010000
1 0.237500 0.198750 0.025000 0.017500
1 0.192500 0.252500 0.025000 0.015000
1 0.553750 0.098750 0.027500 0.017500
1 0.533750 0.161250 0.027500 0.022500
1 0.651250 0.237500 0.037500 0.020000
1 0.666250 0.251250 0.032500 0.017500
1 0.521250 0.398750 0.032500 0.017500
1 0.502500 0.567500 0.040000 0.020000
1 0.546250 0.623750 0.017500 0.022500
1 0.676250 0.592500 0.032500 0.020000
1 0.726250 0.606250 0.027500 0.017500
1 0.731250 0.682500 0.042500 0.020000
1 0.568750 0.777500 0.027500 0.025000
1 0.500000 0.818750 0.035000 0.017500
