1 0.952500 0.605000 0.010000 0.015000
1 0.956250 0.738750 0.012500 0.012500
1 0.937500 0.832500 0.015000 0.015000
1 0.856250 0.801250 0.012500 0.012500
1 0.782500 0.792500 0.010000 0.010000
1 0.858750 0.827500 0.012500 0.015000
1 0.853750 0.875000 0.012500 0.015000
1 0.892500 0.945000 0.010000 0.015000
1 0.843750 0.935000 0.012500 0.015000
1 0.822500 0.947500 0.010000 0.015000
1 0.748750 0.932500 0.012500 0.015000
1 0.757500 0.948750 0.010000 0.012500
1 0.652500 0.947500 0.010000 0.015000
1 0.728750 0.991250 0.012500 0.012500
1 0.990000 0.996250 0.010000 0.007500
