1 0.617500 0.010000 0.015000 0.015000
1 0.796250 0.330000 0.012500 0.015000
1 0.841250 0.308750 0.012500 0.012500
1 0.786250 0.263750 0.012500 0.012500
1 0.865000 0.236250 0.010000 0.012500
1 0.861250 0.188750 0.012500 0.012500
1 0.912500 0.203750 0.010000 0.012500
1 0.991250 0.005000 0.007500 0.005000
1 0.980000 0.043750 0.010000 0.012500
1 0.946250 0.046250 0.007500 0.012500
1 0.931250 0.042500 0.007500 0.010000
1 0.927500 0.033750 0.010000 0.012500
1 0.567500 0.483750 0.015000 0.017500
1 0.550000 0.497500 0.015000 0.015000
