1 0.241250 0.507500 0.012500 0.015000
1 0.237500 0.565000 0.015000 0.015000
1 0.216250 0.591250 0.012500 0.012500
1 0.113750 0.622500 0.012500 0.015000
1 0.085000 0.647500 0.010000 0.015000
1 0.180000 0.671250 0.010000 0.012500
1 0.222500 0.715000 0.015000 0.010000
1 0.215000 0.766250 0.010000 0.012500
1 0.250000 0.677500 0.010000 0.015000
1 0.227500 0.613750 0.010000 0.012500
1 0.250000 0.620000 0.010000 0.015000
1 0.276250 0.622500 0.012500 0.010000
1 0.283750 0.646250 0.012500 0.007500
1 0.272500 0.647500 0.010000 0.010000
1 0.257500 0.648750 0.015000 0.012500
1 0.233750 0.643750 0.012500 0.012500
1 0.232500 0.660000 0.015000 0.010000
1 0.216250 0.663750 0.012500 0.007500
1 0.212500 0.628750 0.010000 0.012500
1 0.180000 0.792500 0.010000 0.010000
1 0.165000 0.800000 0.010000 0.010000
1 0.160000 0.840000 0.015000 0.010000
1 0.182500 0.915000 0.010000 0.010000
1 0.200000 0.995000 0.010000 0.010000
