1 0.226250 0.442500 0.017500 0.015000
1 0.048750 0.702500 0.012500 0.015000
1 0.147500 0.760000 0.010000 0.015000
1 0.176250 0.811250 0.012500 0.012500
1 0.225000 0.785000 0.010000 0.015000
1 0.290000 0.830000 0.010000 0.015000
1 0.362500 0.845000 0.010000 0.015000
1 0.376250 0.823750 0.012500 0.012500
1 0.043750 0.871250 0.012500 0.012500
1 0.145000 0.883750 0.015000 0.012500
1 0.057500 0.942500 0.015000 0.015000
1 0.103750 0.978750 0.012500 0.012500
1 0.115000 0.940000 0.015000 0.015000
1 0.161250 0.940000 0.012500 0.015000
1 0.187500 0.948750 0.015000 0.012500
1 0.176250 0.965000 0.012500 0.015000
