0 0.236250 0.502500 0.022500 0.015000
0 0.315000 0.457500 0.020000 0.015000
0 0.485000 0.437500 0.015000 0.015000
0 0.498750 0.428750 0.012500 0.017500
0 0.527500 0.391250 0.020000 0.017500
0 0.545000 0.441250 0.015000 0.012500
0 0.318750 0.621250 0.012500 0.012500
0 0.376250 0.637500 0.017500 0.015000
0 0.441250 0.737500 0.017500 0.015000
0 0.390000 0.862500 0.015000 0.010000
0 0.315000 0.820000 0.015000 0.015000
0 0.412500 0.786250 0.010000 0.017500
0 0.400000 0.738750 0.015000 0.017500
0 0.425000 0.760000 0.015000 0.015000
0 0.527500 0.932500 0.015000 0.020000
0 0.395000 0.811250 0.015000 0.012500
0 0.407500 0.762500 0.015000 0.015000
