1 0.242500 0.407500 0.010000 0.015000
1 0.272500 0.450000 0.015000 0.015000
1 0.177500 0.477500 0.015000 0.015000
1 0.158750 0.478750 0.012500 0.017500
1 0.148750 0.493750 0.012500 0.017500
1 0.045000 0.698750 0.015000 0.017500
1 0.068750 0.687500 0.012500 0.020000
1 0.185000 0.656250 0.015000 0.017500
1 0.321250 0.651250 0.012500 0.017500
1 0.343750 0.666250 0.012500 0.012500
1 0.288750 0.673750 0.017500 0.017500
1 0.306250 0.685000 0.012500 0.015000
1 0.317500 0.696250 0.015000 0.017500
1 0.308750 0.721250 0.012500 0.017500
1 0.417500 0.821250 0.015000 0.017500
1 0.511250 0.860000 0.012500 0.015000
1 0.515000 0.893750 0.015000 0.017500
