1 0.826250 0.575000 0.017500 0.045000
1 0.821250 0.608750 0.017500 0.012500
1 0.936250 0.591250 0.012500 0.012500
1 0.918750 0.592500 0.012500 0.030000
1 0.965000 0.630000 0.010000 0.050000
1 0.938750 0.617500 0.017500 0.015000
1 0.893750 0.612500 0.017500 0.015000
1 0.902500 0.631250 0.015000 0.012500
1 0.870000 0.628750 0.015000 0.012500
1 0.855000 0.648750 0.015000 0.012500
1 0.888750 0.641250 0.012500 0.012500
1 0.856250 0.773750 0.012500 0.012500
1 0.837500 0.802500 0.015000 0.015000
1 0.762500 0.805000 0.015000 0.015000
1 0.827500 0.761250 0.015000 0.012500
1 0.751250 0.888750 0.017500 0.012500
1 0.743750 0.903750 0.017500 0.012500
1 0.723750 0.896250 0.012500 0.037500
1 0.718750 0.928750 0.017500 0.017500
1 0.748750 0.970000 0.012500 0.045000
1 0.776250 0.977500 0.012500 0.040000
