1 0.203750 0.023750 0.012500 0.012500
1 0.213750 0.020000 0.007500 0.010000
1 0.163750 0.076250 0.012500 0.012500
1 0.018750 0.173750 0.012500 0.012500
1 0.010000 0.225000 0.010000 0.015000
1 0.035000 0.337500 0.010000 0.020000
1 0.305000 0.346250 0.010000 0.017500
1 0.423750 0.392500 0.012500 0.025000
1 0.381250 0.456250 0.017500 0.027500
1 0.471250 0.396250 0.012500 0.017500
1 0.747500 0.311250 0.015000 0.032500
1 0.942500 0.378750 0.015000 0.027500
1 0.867500 0.470000 0.010000 0.025000
1 0.885000 0.540000 0.010000 0.015000
1 0.697500 0.580000 0.015000 0.020000
1 0.712500 0.615000 0.015000 0.035000
1 0.723750 0.635000 0.012500 0.035000
1 0.740000 0.636250 0.010000 0.037500
1 0.681250 0.696250 0.012500 0.027500
1 0.362500 0.777500 0.010000 0.035000
