0 0.056250 0.277500 0.032500 0.020000
0 0.137500 0.262500 0.030000 0.020000
0 0.106250 0.183750 0.032500 0.017500
0 0.266250 0.347500 0.037500 0.015000
0 0.287500 0.340000 0.035000 0.015000
0 0.217500 0.386250 0.030000 0.012500
0 0.431250 0.272500 0.032500 0.015000
0 0.553750 0.303750 0.037500 0.017500
0 0.421250 0.438750 0.027500 0.012500
0 0.441250 0.431250 0.022500 0.012500
0 0.443750 0.480000 0.017500 0.015000
0 0.488750 0.547500 0.032500 0.015000
0 0.497500 0.610000 0.040000 0.020000
0 0.615000 0.558750 0.035000 0.017500
0 0.291250 0.583750 0.027500 0.017500
0 0.798750 0.533750 0.012500 0.012500
0 0.927500 0.521250 0.040000 0.012500
0 0.860000 0.620000 0.020000 0.015000
0 0.526250 0.891250 0.037500 0.012500
0 0.737500 0.933750 0.035000 0.017500
0 0.603750 0.947500 0.017500 0.015000
0 0.698750 0.870000 0.012500 0.015000
0 0.698750 0.855000 0.012500 0.020000
0 0.688750 0.833750 0.017500 0.012500
0 0.687500 0.797500 0.015000 0.015000
0 0.602500 0.841250 0.040000 0.017500
0 0.435000 0.826250 0.035000 0.022500
0 0.315000 0.590000 0.020000 0.015000
0 0.833750 0.961250 0.032500 0.017500
0 0.866250 0.968750 0.027500 0.012500
0 0.871250 0.957500 0.032500 0.015000
0 0.663750 0.685000 0.032500 0.020000
