0 0.078750 0.453750 0.017500 0.012500
0 0.006250 0.487500 0.007500 0.010000
0 0.083750 0.498750 0.017500 0.012500
0 0.102500 0.507500 0.010000 0.015000
0 0.103750 0.537500 0.017500 0.010000
0 0.112500 0.527500 0.015000 0.010000
0 0.182500 0.517500 0.015000 0.010000
0 0.012500 0.626250 0.020000 0.012500
0 0.077500 0.632500 0.020000 0.010000
0 0.012500 0.573750 0.020000 0.012500
0 0.028750 0.711250 0.027500 0.012500
0 0.117500 0.948750 0.025000 0.012500
0 0.306250 0.900000 0.022500 0.015000
0 0.325000 0.871250 0.030000 0.012500
0 0.341250 0.858750 0.027500 0.012500
0 0.336250 0.840000 0.032500 0.010000
0 0.343750 0.830000 0.012500 0.010000
0 0.321250 0.825000 0.032500 0.010000
0 0.336250 0.812500 0.027500 0.010000
0 0.337500 0.800000 0.030000 0.010000
0 0.342500 0.787500 0.020000 0.010000
0 0.243750 0.837500 0.022500 0.010000
0 0.142500 0.825000 0.030000 0.010000
0 0.240000 0.817500 0.025000 0.010000
0 0.302500 0.790000 0.030000 0.010000
0 0.320000 0.785000 0.025000 0.010000
0 0.302500 0.776250 0.025000 0.012500
0 0.297500 0.748750 0.025000 0.012500
0 0.292500 0.732500 0.025000 0.010000
0 0.282500 0.717500 0.025000 0.010000
0 0.233750 0.746250 0.022500 0.012500
0 0.233750 0.761250 0.022500 0.012500
0 0.137500 0.773750 0.040000 0.012500
0 0.197500 0.732500 0.020000 0.010000
0 0.123750 0.711250 0.027500 0.012500
0 0.152500 0.698750 0.025000 0.012500
0 0.110000 0.657500 0.015000 0.010000
0 0.156250 0.671250 0.027500 0.012500
0 0.175000 0.650000 0.025000 0.010000
0 0.170000 0.635000 0.020000 0.010000
0 0.170000 0.623750 0.025000 0.012500
0 0.191250 0.600000 0.017500 0.010000
0 0.166250 0.607500 0.022500 0.010000
