0 0.942500 0.292500 0.035000 0.015000
0 0.885000 0.285000 0.010000 0.015000
0 0.875000 0.273750 0.020000 0.017500
0 0.753750 0.252500 0.027500 0.020000
0 0.865000 0.241250 0.040000 0.017500
0 0.802500 0.202500 0.010000 0.015000
0 0.810000 0.202500 0.010000 0.020000
0 0.897500 0.198750 0.010000 0.017500
0 0.896250 0.167500 0.017500 0.015000
0 0.751250 0.007500 0.022500 0.010000
0 0.812500 0.020000 0.010000 0.015000
0 0.792500 0.010000 0.010000 0.015000
0 0.845000 0.043750 0.010000 0.017500
0 0.857500 0.061250 0.015000 0.017500
