0 0.147500 0.313750 0.015000 0.017500
0 0.156250 0.347500 0.012500 0.010000
0 0.212500 0.392500 0.010000 0.015000
0 0.310000 0.451250 0.015000 0.012500
0 0.088750 0.662500 0.012500 0.015000
0 0.143750 0.722500 0.017500 0.015000
0 0.048750 0.820000 0.027500 0.010000
0 0.261250 0.785000 0.017500 0.020000
0 0.257500 0.852500 0.015000 0.015000
0 0.170000 0.873750 0.015000 0.012500
0 0.131250 0.982500 0.022500 0.015000
0 0.095000 0.940000 0.010000 0.015000
0 0.268750 0.895000 0.012500 0.010000
0 0.343750 0.953750 0.012500 0.012500
0 0.421250 0.915000 0.012500 0.010000
0 0.446250 0.902500 0.012500 0.015000
0 0.427500 0.866250 0.015000 0.012500
0 0.418750 0.843750 0.012500 0.012500
0 0.402500 0.836250 0.010000 0.012500
0 0.341250 0.798750 0.012500 0.017500
0 0.447500 0.785000 0.010000 0.015000
0 0.568750 0.856250 0.012500 0.012500
0 0.593750 0.871250 0.012500 0.012500
0 0.615000 0.858750 0.010000 0.012500
0 0.603750 0.836250 0.012500 0.012500
0 0.646250 0.845000 0.012500 0.015000
0 0.376250 0.678750 0.012500 0.017500
0 0.876250 0.977500 0.012500 0.015000
0 0.847500 0.973750 0.015000 0.012500
0 0.805000 0.948750 0.020000 0.012500
0 0.830000 0.922500 0.015000 0.015000
0 0.791250 0.892500 0.017500 0.015000
0 0.900000 0.925000 0.015000 0.015000
0 0.873750 0.861250 0.012500 0.012500
0 0.895000 0.867500 0.015000 0.015000
0 0.926250 0.851250 0.012500 0.012500
0 0.977500 0.906250 0.015000 0.012500
0 0.873750 0.836250 0.012500 0.012500
0 0.843750 0.793750 0.012500 0.012500
0 0.832500 0.756250 0.010000 0.012500
0 0.853750 0.748750 0.012500 0.012500
0 0.875000 0.663750 0.015000 0.012500
0 0.866250 0.608750 0.012500 0.012500
0 0.946250 0.600000 0.012500 0.010000
0 0.866250 0.476250 0.012500 0.012500
0 0.773750 0.466250 0.012500 0.012500
