0 0.873750 0.190000 0.027500 0.020000
0 0.798750 0.221250 0.032500 0.022500
0 0.723750 0.232500 0.032500 0.020000
0 0.783750 0.287500 0.027500 0.020000
0 0.711250 0.315000 0.027500 0.020000
0 0.790000 0.536250 0.030000 0.017500
0 0.797500 0.640000 0.030000 0.020000
0 0.940000 0.707500 0.035000 0.015000
0 0.891250 0.745000 0.032500 0.020000
0 0.983750 0.687500 0.032500 0.020000
0 0.893750 0.823750 0.017500 0.017500
0 0.886250 0.802500 0.032500 0.020000
0 0.883750 0.790000 0.032500 0.015000
0 0.837500 0.861250 0.035000 0.017500
0 0.737500 0.982500 0.035000 0.025000
0 0.700000 0.546250 0.030000 0.017500
0 0.652500 0.577500 0.030000 0.015000
0 0.688750 0.490000 0.032500 0.015000
0 0.513750 0.566250 0.032500 0.017500
0 0.530000 0.508750 0.035000 0.022500
0 0.490000 0.527500 0.030000 0.020000
0 0.603750 0.430000 0.037500 0.025000
0 0.556250 0.406250 0.027500 0.017500
0 0.525000 0.405000 0.035000 0.020000
0 0.495000 0.428750 0.050000 0.017500
0 0.508750 0.455000 0.037500 0.020000
