0 0.858750 0.118750 0.027500 0.012500
0 0.977500 0.232500 0.020000 0.015000
0 0.748750 0.630000 0.017500 0.010000
0 0.815000 0.247500 0.015000 0.010000
0 0.773750 0.298750 0.007500 0.012500
0 0.736250 0.378750 0.012500 0.012500
0 0.852500 0.490000 0.010000 0.015000
0 0.870000 0.485000 0.010000 0.015000
0 0.925000 0.498750 0.010000 0.012500
0 0.960000 0.528750 0.010000 0.012500
0 0.923750 0.547500 0.012500 0.015000
0 0.950000 0.572500 0.010000 0.010000
0 0.910000 0.587500 0.010000 0.010000
0 0.928750 0.676250 0.012500 0.012500
0 0.588750 0.818750 0.012500 0.012500
