0 0.071250 0.021250 0.027500 0.017500
0 0.046250 0.138750 0.027500 0.017500
0 0.151250 0.130000 0.022500 0.015000
0 0.253750 0.115000 0.032500 0.020000
0 0.237500 0.093750 0.025000 0.017500
0 0.266250 0.058750 0.027500 0.017500
0 0.321250 0.007500 0.027500 0.010000
0 0.330000 0.165000 0.025000 0.015000
0 0.226250 0.182500 0.027500 0.020000
0 0.137500 0.191250 0.025000 0.017500
0 0.075000 0.296250 0.030000 0.022500
0 0.012500 0.235000 0.020000 0.015000
0 0.261250 0.216250 0.027500 0.017500
0 0.298750 0.246250 0.022500 0.012500
0 0.356250 0.280000 0.027500 0.020000
0 0.340000 0.342500 0.020000 0.015000
0 0.338750 0.418750 0.022500 0.017500
0 0.388750 0.382500 0.032500 0.020000
0 0.346250 0.470000 0.027500 0.020000
0 0.575000 0.746250 0.025000 0.017500
0 0.868750 0.792500 0.032500 0.020000
0 0.950000 0.673750 0.030000 0.017500
0 0.932500 0.606250 0.025000 0.012500
0 0.912500 0.592500 0.030000 0.015000
0 0.977500 0.598750 0.040000 0.022500
0 0.843750 0.423750 0.027500 0.017500
0 0.870000 0.508750 0.035000 0.017500
0 0.900000 0.512500 0.025000 0.015000
0 0.885000 0.531250 0.035000 0.017500
0 0.912500 0.526250 0.025000 0.012500
0 0.917500 0.548750 0.025000 0.017500
0 0.901250 0.555000 0.022500 0.015000
0 0.985000 0.705000 0.030000 0.015000
