0 0.255000 0.897500 0.020000 0.010000
0 0.336250 0.911250 0.022500 0.012500
0 0.380000 0.937500 0.025000 0.015000
0 0.436250 0.843750 0.017500 0.012500
0 0.602500 0.893750 0.025000 0.012500
0 0.865000 0.976250 0.015000 0.012500
0 0.966250 0.600000 0.022500 0.015000
0 0.763750 0.630000 0.022500 0.010000
0 0.887500 0.538750 0.025000 0.017500
0 0.942500 0.503750 0.025000 0.012500
0 0.841250 0.520000 0.022500 0.015000
0 0.913750 0.473750 0.022500 0.012500
0 0.975000 0.472500 0.020000 0.015000
0 0.962500 0.461250 0.020000 0.012500
0 0.760000 0.591250 0.030000 0.012500
0 0.737500 0.553750 0.025000 0.012500
0 0.651250 0.631250 0.022500 0.012500
0 0.630000 0.640000 0.015000 0.010000
0 0.613750 0.627500 0.027500 0.015000
0 0.553750 0.631250 0.012500 0.012500
0 0.531250 0.657500 0.012500 0.010000
0 0.886250 0.437500 0.027500 0.015000
0 0.876250 0.470000 0.027500 0.015000
0 0.835000 0.475000 0.020000 0.015000
0 0.842500 0.445000 0.025000 0.015000
0 0.790000 0.436250 0.025000 0.012500
0 0.826250 0.413750 0.022500 0.012500
0 0.666250 0.252500 0.017500 0.010000
0 0.613750 0.365000 0.022500 0.015000
0 0.083750 0.137500 0.012500 0.010000
0 0.670000 0.537500 0.015000 0.015000
0 0.180000 0.858750 0.035000 0.012500
