0 0.143750 0.143750 0.027500 0.017500
0 0.213750 0.238750 0.032500 0.017500
0 0.131250 0.347500 0.022500 0.015000
0 0.068750 0.371250 0.027500 0.017500
0 0.053750 0.437500 0.032500 0.015000
0 0.052500 0.422500 0.035000 0.015000
0 0.062500 0.525000 0.025000 0.015000
0 0.042500 0.512500 0.015000 0.015000
0 0.020000 0.505000 0.035000 0.020000
0 0.115000 0.552500 0.035000 0.020000
0 0.143750 0.552500 0.027500 0.015000
0 0.200000 0.650000 0.020000 0.015000
0 0.017500 0.683750 0.030000 0.017500
0 0.026250 0.697500 0.037500 0.020000
0 0.206250 0.706250 0.017500 0.012500
0 0.191250 0.691250 0.017500 0.012500
0 0.172500 0.671250 0.020000 0.012500
0 0.413750 0.695000 0.022500 0.015000
0 0.307500 0.690000 0.020000 0.015000
0 0.397500 0.645000 0.025000 0.015000
0 0.468750 0.625000 0.027500 0.015000
0 0.618750 0.660000 0.027500 0.015000
0 0.808750 0.903750 0.027500 0.017500
0 0.943750 0.886250 0.022500 0.017500
0 0.962500 0.875000 0.025000 0.015000
0 0.952500 0.845000 0.015000 0.015000
0 0.857500 0.563750 0.030000 0.017500
0 0.928750 0.502500 0.027500 0.020000
0 0.820000 0.597500 0.030000 0.020000
0 0.872500 0.315000 0.020000 0.015000
