0 0.306250 0.391250 0.032500 0.022500
0 0.140000 0.526250 0.030000 0.012500
0 0.315000 0.523750 0.030000 0.017500
0 0.342500 0.521250 0.025000 0.017500
0 0.395000 0.513750 0.010000 0.017500
0 0.387500 0.508750 0.010000 0.017500
0 0.405000 0.503750 0.010000 0.012500
0 0.383750 0.495000 0.012500 0.020000
0 0.298750 0.618750 0.027500 0.012500
0 0.297500 0.627500 0.025000 0.015000
0 0.287500 0.660000 0.025000 0.015000
0 0.312500 0.652500 0.020000 0.025000
0 0.258750 0.698750 0.032500 0.017500
0 0.241250 0.781250 0.037500 0.017500
