0 0.083750 0.267500 0.012500 0.015000
0 0.022500 0.550000 0.030000 0.015000
0 0.116250 0.566250 0.027500 0.017500
0 0.282500 0.321250 0.020000 0.017500
0 0.492500 0.211250 0.015000 0.012500
0 0.507500 0.193750 0.020000 0.012500
0 0.487500 0.191250 0.015000 0.012500
0 0.537500 0.170000 0.020000 0.015000
0 0.926250 0.692500 0.027500 0.015000
0 0.972500 0.691250 0.025000 0.017500
0 0.845000 0.886250 0.025000 0.017500
0 0.486250 0.906250 0.032500 0.017500
0 0.596250 0.795000 0.012500 0.010000
0 0.351250 0.881250 0.022500 0.012500
0 0.168750 0.865000 0.027500 0.015000
0 0.012500 0.701250 0.020000 0.012500
0 0.406250 0.158750 0.037500 0.022500
