0 0.042500 0.411250 0.030000 0.012500
0 0.012500 0.296250 0.020000 0.012500
0 0.385000 0.197500 0.010000 0.015000
0 0.252500 0.165000 0.015000 0.010000
0 0.261250 0.156250 0.012500 0.012500
0 0.165000 0.011250 0.020000 0.012500
0 0.078750 0.031250 0.012500 0.017500
0 0.250000 0.021250 0.010000 0.012500
0 0.158750 0.083750 0.012500 0.012500
0 0.011250 0.095000 0.012500 0.010000
0 0.556250 0.192500 0.012500 0.015000
0 0.637500 0.153750 0.010000 0.012500
0 0.620000 0.133750 0.010000 0.012500
0 0.590000 0.066250 0.020000 0.012500
0 0.726250 0.160000 0.012500 0.015000
0 0.763750 0.096250 0.012500 0.012500
0 0.838750 0.182500 0.012500 0.015000
0 0.897500 0.132500 0.015000 0.010000
0 0.922500 0.161250 0.015000 0.012500
0 0.827500 0.140000 0.010000 0.010000
0 0.882500 0.040000 0.010000 0.015000
0 0.303750 0.231250 0.012500 0.012500
