0 0.623750 0.888750 0.012500 0.012500
0 0.771250 0.960000 0.012500 0.010000
0 0.758750 0.952500 0.012500 0.010000
0 0.740000 0.953750 0.015000 0.012500
0 0.837500 0.920000 0.015000 0.015000
0 0.821250 0.905000 0.012500 0.015000
0 0.798750 0.906250 0.017500 0.012500
0 0.798750 0.876250 0.012500 0.012500
0 0.781250 0.857500 0.012500 0.010000
0 0.775000 0.875000 0.010000 0.010000
0 0.765000 0.866250 0.010000 0.012500
0 0.765000 0.891250 0.010000 0.012500
0 0.745000 0.892500 0.010000 0.010000
0 0.717500 0.815000 0.015000 0.015000
0 0.721250 0.845000 0.012500 0.015000
0 0.690000 0.907500 0.025000 0.015000
