0 0.831250 0.358750 0.032500 0.017500
0 0.830000 0.420000 0.035000 0.020000
0 0.800000 0.438750 0.040000 0.022500
0 0.763750 0.402500 0.032500 0.025000
0 0.717500 0.382500 0.035000 0.025000
0 0.738750 0.485000 0.032500 0.025000
0 0.701250 0.531250 0.017500 0.017500
0 0.686250 0.521250 0.022500 0.017500
0 0.672500 0.533750 0.025000 0.017500
0 0.648750 0.517500 0.032500 0.020000
0 0.635000 0.580000 0.030000 0.025000
0 0.663750 0.611250 0.027500 0.022500
0 0.626250 0.693750 0.037500 0.022500
0 0.591250 0.730000 0.037500 0.030000
0 0.528750 0.675000 0.032500 0.020000
0 0.460000 0.531250 0.050000 0.017500
0 0.591250 0.778750 0.032500 0.017500
0 0.571250 0.782500 0.037500 0.025000
0 0.538750 0.763750 0.027500 0.017500
0 0.512500 0.766250 0.035000 0.022500
0 0.607500 0.941250 0.030000 0.022500
0 0.558750 0.861250 0.032500 0.017500
0 0.532500 0.837500 0.030000 0.020000
0 0.543750 0.812500 0.042500 0.025000
0 0.470000 0.757500 0.035000 0.020000
0 0.575000 0.955000 0.040000 0.020000
0 0.547500 0.982500 0.030000 0.015000
0 0.483750 0.936250 0.032500 0.017500
0 0.405000 0.941250 0.035000 0.017500
0 0.306250 0.966250 0.032500 0.017500
0 0.326250 0.698750 0.047500 0.017500
0 0.327500 0.845000 0.035000 0.015000
